0,0,59,125,79,
1,0,61,127,79,
2,0,74,134,80,
3,0,60,126,79,
4,0,76,136,81,
5,0,183,201,91,
6,0,170,193,90,
7,0,76,135,81,
8,0,75,135,81,
9,0,76,136,81,
10,0,61,126,79,
11,0,61,126,79,
12,0,75,135,81,
13,0,93,146,82,
14,0,186,204,92,
15,0,202,213,93,
16,0,199,211,93,
17,0,186,203,92,
18,0,198,211,93,
19,0,201,213,93,
20,0,185,202,91,
21,0,105,153,84,
22,0,170,193,90,
23,0,199,212,93,
24,0,200,212,93,
25,0,198,210,93,
26,0,186,204,92,
27,0,184,202,91,
28,0,92,146,82,
29,0,59,122,80,
30,0,50,95,82,
31,0,47,87,83,
32,0,47,87,83,
33,0,48,95,82,
34,0,74,131,81,
35,0,183,202,91,
36,0,202,213,93,
37,0,185,203,92,
38,0,92,145,82,
39,0,89,144,82,
40,0,170,193,90,
41,0,200,212,93,
42,0,200,212,93,
43,0,170,193,90,
44,0,105,153,84,
45,0,186,203,92,
46,0,184,202,91,
47,0,75,135,81,
48,0,60,126,79,
49,0,76,136,81,
50,0,76,136,81,
51,0,61,127,79,
52,0,59,124,79,
53,0,57,120,79,
54,0,76,135,81,
55,0,183,201,91,
56,0,170,193,90,
57,0,76,135,81,
58,0,72,133,80,
59,0,75,135,81,
60,0,169,193,90,
61,0,183,201,91,
62,0,76,136,81,
63,0,58,125,79,
0,1,58,124,79,
1,1,75,135,81,
2,1,153,183,88,
3,1,74,134,80,
4,1,74,134,80,
5,1,155,184,89,
6,1,87,143,82,
7,1,75,135,81,
8,1,168,192,90,
9,1,169,193,90,
10,1,73,134,80,
11,1,73,134,80,
12,1,167,192,90,
13,1,184,202,91,
14,1,183,202,91,
15,1,183,202,91,
16,1,169,193,90,
17,1,102,152,83,
18,1,172,195,90,
19,1,200,212,93,
20,1,199,211,93,
21,1,172,194,90,
22,1,102,152,83,
23,1,172,195,90,
24,1,201,212,93,
25,1,185,202,91,
26,1,104,153,83,
27,1,168,192,90,
28,1,156,185,89,
29,1,72,133,80,
30,1,56,116,80,
31,1,48,91,83,
32,1,48,91,83,
33,1,57,117,80,
34,1,89,143,82,
35,1,185,203,92,
36,1,202,213,93,
37,1,199,211,93,
38,1,186,203,92,
39,1,171,194,90,
40,1,115,160,85,
41,1,172,194,90,
42,1,169,193,90,
43,1,102,152,83,
44,1,172,194,90,
45,1,200,212,93,
46,1,185,203,92,
47,1,88,143,82,
48,1,75,135,81,
49,1,169,193,90,
50,1,168,193,90,
51,1,74,134,81,
52,1,56,116,80,
53,1,50,98,82,
54,1,73,131,81,
55,1,156,185,89,
56,1,86,139,82,
57,1,76,135,81,
58,1,155,185,89,
59,1,90,144,82,
60,1,90,144,82,
61,1,155,184,89,
62,1,73,130,81,
63,1,56,120,79,
0,2,58,125,79,
1,2,75,135,81,
2,2,154,184,88,
3,2,75,135,81,
4,2,62,127,79,
5,2,84,141,82,
6,2,61,126,79,
7,2,76,135,81,
8,2,184,202,91,
9,2,172,195,90,
10,2,73,134,80,
11,2,75,135,81,
12,2,184,202,91,
13,2,174,196,90,
14,2,91,145,82,
15,2,90,144,82,
16,2,89,143,82,
17,2,63,128,79,
18,2,86,142,82,
19,2,173,195,90,
20,2,199,211,93,
21,2,171,194,90,
22,2,74,135,81,
23,2,86,142,82,
24,2,173,196,90,
25,2,185,203,91,
26,2,91,145,82,
27,2,75,134,81,
28,2,73,130,81,
29,2,60,123,80,
30,2,57,120,79,
31,2,48,91,83,
32,2,47,91,82,
33,2,73,130,81,
34,2,171,195,90,
35,2,198,211,93,
36,2,185,203,92,
37,2,182,201,91,
38,2,186,203,92,
39,2,198,211,93,
40,2,174,196,90,
41,2,104,153,83,
42,2,88,143,82,
43,2,77,136,81,
44,2,171,194,90,
45,2,200,212,93,
46,2,200,212,93,
47,2,170,194,90,
48,2,89,144,82,
49,2,171,194,90,
50,2,184,202,91,
51,2,75,133,81,
52,2,49,98,82,
53,2,49,95,82,
54,2,60,122,80,
55,2,69,125,81,
56,2,51,99,82,
57,2,71,127,81,
58,2,168,192,90,
59,2,156,184,89,
60,2,72,130,81,
61,2,70,129,81,
62,2,53,101,82,
63,2,48,92,82,
0,3,57,121,80,
1,3,61,126,79,
2,3,72,133,80,
3,3,60,126,79,
4,3,75,135,81,
5,3,156,185,89,
6,3,88,143,82,
7,3,76,136,81,
8,3,155,184,89,
9,3,88,142,82,
10,3,58,122,79,
11,3,75,134,81,
12,3,156,185,89,
13,3,87,142,82,
14,3,74,135,80,
15,3,169,193,90,
16,3,168,192,90,
17,3,73,133,81,
18,3,57,121,79,
19,3,87,142,82,
20,3,157,186,89,
21,3,87,139,82,
22,3,60,124,79,
23,3,58,122,79,
24,3,87,142,82,
25,3,169,193,90,
26,3,156,185,89,
27,3,70,129,81,
28,3,49,98,82,
29,3,50,96,82,
30,3,55,113,80,
31,3,48,91,83,
32,3,47,90,83,
33,3,72,126,81,
34,3,170,193,90,
35,3,171,194,90,
36,3,90,144,82,
37,3,87,142,82,
38,3,90,144,82,
39,3,172,195,90,
40,3,198,211,93,
41,3,184,202,91,
42,3,154,184,88,
43,3,73,133,80,
44,3,85,138,82,
45,3,170,193,90,
46,3,185,203,91,
47,3,169,192,90,
48,3,74,131,81,
49,3,87,142,82,
50,3,155,184,89,
51,3,73,131,81,
52,3,59,121,80,
53,3,72,130,81,
54,3,60,122,80,
55,3,49,94,82,
56,3,47,87,83,
57,3,51,95,82,
58,3,72,127,81,
59,3,74,131,81,
60,3,54,104,82,
61,3,55,116,80,
62,3,55,112,80,
63,3,48,90,83,
0,4,53,92,80,
1,4,57,117,79,
2,4,58,124,79,
3,4,58,125,79,
4,4,74,134,81,
5,4,168,192,90,
6,4,156,185,89,
7,4,74,134,80,
8,4,71,132,80,
9,4,58,118,80,
10,4,50,98,82,
11,4,58,118,80,
12,4,70,129,81,
13,4,58,121,80,
14,4,72,130,81,
15,4,172,194,90,
16,4,184,202,91,
17,4,75,132,81,
18,4,50,101,81,
19,4,58,118,80,
20,4,69,124,81,
21,4,52,100,82,
22,4,56,117,80,
23,4,51,99,82,
24,4,58,118,80,
25,4,74,134,81,
26,4,74,134,81,
27,4,60,122,80,
28,4,55,112,80,
29,4,48,90,83,
30,4,48,90,83,
31,4,47,88,83,
32,4,47,87,83,
33,4,51,96,82,
34,4,72,127,81,
35,4,75,135,81,
36,4,89,143,82,
37,4,156,185,89,
38,4,89,143,82,
39,4,90,144,82,
40,4,185,203,91,
41,4,175,197,90,
42,4,88,143,82,
43,4,58,118,80,
44,4,52,99,82,
45,4,71,126,81,
46,4,76,136,81,
47,4,73,131,81,
48,4,54,104,82,
49,4,58,118,80,
50,4,69,124,81,
51,4,52,100,82,
52,4,71,130,81,
53,4,141,176,87,
54,4,70,125,81,
55,4,47,90,83,
56,4,47,87,83,
57,4,47,90,83,
58,4,48,94,82,
59,4,55,116,80,
60,4,55,114,80,
61,4,51,99,82,
62,4,50,96,82,
63,4,49,93,82,
0,5,74,60,68,
1,5,53,90,80,
2,5,56,117,80,
3,5,58,121,79,
4,5,61,126,79,
5,5,74,135,80,
6,5,75,135,81,
7,5,60,122,80,
8,5,55,116,80,
9,5,49,94,82,
10,5,51,84,81,
11,5,52,87,80,
12,5,48,91,82,
13,5,48,92,82,
14,5,52,100,82,
15,5,86,139,82,
16,5,155,184,89,
17,5,76,135,81,
18,5,68,125,81,
19,5,52,100,82,
20,5,48,94,82,
21,5,50,96,82,
22,5,55,113,80,
23,5,49,92,82,
24,5,50,98,82,
25,5,59,123,79,
26,5,70,129,81,
27,5,52,100,82,
28,5,49,95,82,
29,5,48,92,83,
30,5,47,87,83,
31,5,47,87,83,
32,5,47,87,83,
33,5,47,87,83,
34,5,48,94,82,
35,5,72,130,81,
36,5,172,195,90,
37,5,198,210,93,
38,5,157,185,89,
39,5,87,142,82,
40,5,154,184,89,
41,5,86,139,82,
42,5,57,117,80,
43,5,49,94,82,
44,5,47,87,83,
45,5,48,94,82,
46,5,55,116,80,
47,5,57,120,79,
48,5,57,117,80,
49,5,51,99,82,
50,5,49,95,82,
51,5,49,95,82,
52,5,59,119,80,
53,5,70,126,81,
54,5,52,96,82,
55,5,47,87,83,
56,5,52,96,82,
57,5,68,121,81,
58,5,51,96,82,
59,5,49,94,82,
60,5,50,95,82,
61,5,55,112,80,
62,5,56,116,80,
63,5,56,116,80,
0,6,77,55,65,
1,6,51,83,81,
2,6,48,91,83,
3,6,50,95,82,
4,6,56,117,80,
5,6,57,120,79,
6,6,55,116,80,
7,6,49,95,82,
8,6,48,91,83,
9,6,54,80,79,
10,6,75,58,67,
11,6,74,58,67,
12,6,51,83,81,
13,6,48,91,83,
14,6,57,117,80,
15,6,73,133,80,
16,6,75,135,81,
17,6,91,145,82,
18,6,158,186,89,
19,6,87,139,82,
20,6,59,121,80,
21,6,55,113,80,
22,6,49,94,82,
23,6,48,91,83,
24,6,54,112,80,
25,6,74,130,81,
26,6,156,184,89,
27,6,87,139,82,
28,6,59,121,80,
29,6,56,117,80,
30,6,49,95,82,
31,6,47,88,83,
32,6,47,87,83,
33,6,47,87,83,
34,6,48,94,82,
35,6,73,130,81,
36,6,170,194,90,
37,6,172,195,90,
38,6,88,143,82,
39,6,62,127,79,
40,6,69,125,81,
41,6,51,96,82,
42,6,48,91,83,
43,6,47,87,83,
44,6,47,87,83,
45,6,48,91,83,
46,6,48,91,83,
47,6,50,95,82,
48,6,56,117,80,
49,6,56,116,80,
50,6,56,116,80,
51,6,55,113,80,
52,6,49,95,82,
53,6,47,91,83,
54,6,47,87,83,
55,6,47,90,82,
56,6,72,127,81,
57,6,156,184,89,
58,6,88,140,82,
59,6,58,117,80,
60,6,49,95,82,
61,6,49,95,82,
62,6,49,92,82,
63,6,48,92,83,
0,7,84,58,68,
1,7,55,80,79,
2,7,47,87,83,
3,7,47,87,83,
4,7,48,91,83,
5,7,48,92,83,
6,7,48,91,83,
7,7,47,87,83,
8,7,54,80,79,
9,7,81,60,69,
10,7,83,52,63,
11,7,75,58,67,
12,7,51,83,81,
13,7,51,96,82,
14,7,88,140,82,
15,7,156,185,89,
16,7,87,142,82,
17,7,155,184,88,
18,7,182,201,91,
19,7,156,185,89,
20,7,69,126,81,
21,7,49,94,82,
22,7,47,87,83,
23,7,47,88,83,
24,7,47,90,82,
25,7,65,105,84,
26,7,167,188,90,
27,7,156,185,89,
28,7,71,129,81,
29,7,57,120,79,
30,7,55,112,80,
31,7,47,87,81,
32,7,47,86,83,
33,7,48,91,83,
34,7,56,117,80,
35,7,61,125,79,
36,7,73,131,81,
37,7,74,133,81,
38,7,59,122,79,
39,7,57,121,79,
40,7,50,98,82,
41,7,47,88,83,
42,7,47,87,83,
43,7,47,87,83,
44,7,49,95,82,
45,7,55,113,80,
46,7,49,94,82,
47,7,47,87,83,
48,7,48,91,83,
49,7,49,92,82,
50,7,48,92,83,
51,7,49,91,82,
52,7,51,83,81,
53,7,51,83,81,
54,7,47,86,83,
55,7,47,91,82,
56,7,73,130,81,
57,7,168,193,90,
58,7,156,185,89,
59,7,74,134,81,
60,7,71,129,81,
61,7,59,118,80,
62,7,49,90,82,
63,7,50,83,81,
0,8,133,74,83,
1,8,83,61,70,
2,8,53,80,79,
3,8,46,87,83,
4,8,47,87,83,
5,8,47,87,83,
6,8,47,87,83,
7,8,54,80,79,
8,8,87,63,71,
9,8,118,67,77,
10,8,81,60,69,
11,8,53,80,79,
12,8,48,90,82,
13,8,68,121,81,
14,8,156,184,89,
15,8,167,192,90,
16,8,75,132,81,
17,8,73,130,81,
18,8,76,135,81,
19,8,72,127,81,
20,8,51,96,82,
21,8,47,90,83,
22,8,47,87,83,
23,8,47,87,83,
24,8,47,87,83,
25,8,50,93,83,
26,8,73,130,81,
27,8,73,128,81,
28,8,52,96,82,
29,8,48,92,83,
30,8,48,88,81,
31,8,43,65,70,
32,8,46,83,81,
33,8,49,92,83,
34,8,58,121,79,
35,8,58,121,79,
36,8,50,98,82,
37,8,54,113,80,
38,8,52,103,81,
39,8,58,121,79,
40,8,57,117,80,
41,8,48,91,83,
42,8,47,86,83,
43,8,48,91,83,
44,8,59,118,80,
45,8,72,132,80,
46,8,58,118,80,
47,8,49,94,82,
48,8,47,87,83,
49,8,47,87,83,
50,8,48,90,83,
51,8,51,83,81,
52,8,74,59,67,
53,8,75,58,67,
54,8,54,80,79,
55,8,48,91,82,
56,8,58,118,80,
57,8,74,134,81,
58,8,74,135,80,
59,8,75,135,81,
60,8,140,175,87,
61,8,70,126,81,
62,8,51,87,80,
63,8,73,59,68,
0,9,170,96,92,
1,9,96,58,68,
2,9,82,61,69,
3,9,65,85,82,
4,9,52,83,81,
5,9,51,83,81,
6,9,54,79,79,
7,9,82,61,69,
8,9,124,69,79,
9,9,91,60,70,
10,9,55,80,79,
11,9,47,87,83,
12,9,47,87,83,
13,9,52,96,82,
14,9,73,128,81,
15,9,73,130,81,
16,9,52,97,82,
17,9,48,94,82,
18,9,53,112,80,
19,9,48,94,82,
20,9,52,96,82,
21,9,69,121,82,
22,9,50,92,83,
23,9,46,83,81,
24,9,46,83,81,
25,9,48,91,82,
26,9,54,113,80,
27,9,49,94,82,
28,9,47,87,83,
29,9,47,86,83,
30,9,45,79,79,
31,9,41,60,68,
32,9,45,79,79,
33,9,48,91,82,
34,9,57,117,80,
35,9,58,121,79,
36,9,50,96,82,
37,9,51,98,82,
38,9,57,118,80,
39,9,59,125,79,
40,9,57,117,80,
41,9,48,91,83,
42,9,47,87,83,
43,9,48,94,82,
44,9,74,131,81,
45,9,157,185,89,
46,9,89,143,82,
47,9,58,118,80,
48,9,48,91,83,
49,9,48,91,83,
50,9,55,113,80,
51,9,52,88,80,
52,9,75,58,67,
53,9,82,51,63,
54,9,74,58,67,
55,9,51,84,81,
56,9,49,95,82,
57,9,55,116,80,
58,9,57,120,79,
59,9,60,122,80,
60,9,70,125,81,
61,9,52,96,82,
62,9,55,79,79,
63,9,78,55,65,
0,10,169,95,92,
1,10,101,60,70,
2,10,134,75,83,
3,10,159,96,92,
4,10,99,67,72,
5,10,79,56,66,
6,10,78,55,65,
7,10,94,57,68,
8,10,124,69,79,
9,10,84,58,68,
10,10,51,83,81,
11,10,47,88,83,
12,10,48,90,83,
13,10,47,87,83,
14,10,48,94,82,
15,10,54,112,80,
16,10,48,91,83,
17,10,50,92,83,
18,10,62,102,83,
19,10,49,91,83,
20,10,69,122,82,
21,10,139,171,88,
22,10,63,100,81,
23,10,41,60,68,
24,10,41,60,68,
25,10,46,80,79,
26,10,47,87,80,
27,10,46,83,81,
28,10,46,84,81,
29,10,46,83,81,
30,10,41,60,68,
31,10,40,53,64,
32,10,41,60,68,
33,10,46,84,81,
34,10,49,95,82,
35,10,56,117,80,
36,10,58,121,79,
37,10,58,121,79,
38,10,59,125,79,
39,10,57,118,80,
40,10,49,94,82,
41,10,47,88,83,
42,10,52,96,82,
43,10,69,125,81,
44,10,76,136,81,
45,10,168,192,90,
46,10,156,185,89,
47,10,69,125,81,
48,10,47,90,83,
49,10,48,91,83,
50,10,55,113,80,
51,10,49,91,82,
52,10,54,79,79,
53,10,80,55,65,
54,10,85,57,67,
55,10,55,80,79,
56,10,47,87,83,
57,10,48,91,83,
58,10,48,92,83,
59,10,48,92,83,
60,10,47,91,83,
61,10,50,84,81,
62,10,74,58,67,
63,10,82,51,63,
0,11,140,77,85,
1,11,102,59,71,
2,11,136,75,83,
3,11,178,99,95,
4,11,162,91,89,
5,11,93,56,67,
6,11,94,56,67,
7,11,125,69,80,
8,11,94,57,68,
9,11,75,59,67,
10,11,51,83,81,
11,11,48,91,83,
12,11,54,112,80,
13,11,49,95,82,
14,11,47,88,83,
15,11,48,91,83,
16,11,51,96,82,
17,11,86,135,83,
18,11,156,178,90,
19,11,79,113,85,
20,11,53,97,83,
21,11,70,125,81,
22,11,57,111,78,
23,11,42,63,67,
24,11,40,53,64,
25,11,41,56,66,
26,11,41,57,66,
27,11,41,57,66,
28,11,41,60,68,
29,11,45,76,77,
30,11,41,57,66,
31,11,41,56,65,
32,11,41,57,66,
33,11,46,83,81,
34,11,47,87,83,
35,11,49,95,82,
36,11,57,117,80,
37,11,58,121,79,
38,11,56,117,80,
39,11,49,95,82,
40,11,47,87,83,
41,11,47,90,83,
42,11,69,122,82,
43,11,140,175,87,
44,11,75,134,81,
45,11,72,130,81,
46,11,72,127,81,
47,11,52,96,82,
48,11,47,91,82,
49,11,48,92,83,
50,11,48,91,83,
51,11,47,88,83,
52,11,51,87,81,
53,11,81,62,70,
54,11,117,67,77,
55,11,81,60,69,
56,11,53,80,79,
57,11,47,87,83,
58,11,47,87,83,
59,11,47,87,83,
60,11,47,87,83,
61,11,55,80,79,
62,11,84,57,67,
63,11,83,51,63,
0,12,137,74,84,
1,12,134,74,83,
2,12,102,60,71,
3,12,141,77,86,
4,12,141,77,85,
5,12,97,58,69,
6,12,134,74,83,
7,12,136,74,84,
8,12,85,58,68,
9,12,54,79,79,
10,12,47,86,83,
11,12,51,93,83,
12,12,70,128,81,
13,12,59,119,80,
14,12,48,91,83,
15,12,47,89,83,
16,12,68,121,81,
17,12,155,184,89,
18,12,182,201,91,
19,12,153,177,89,
20,12,61,99,84,
21,12,47,90,82,
22,12,48,91,83,
23,12,46,81,79,
24,12,41,56,66,
25,12,40,53,64,
26,12,41,56,66,
27,12,41,57,66,
28,12,41,57,66,
29,12,41,57,66,
30,12,42,60,68,
31,12,45,76,77,
32,12,42,61,68,
33,12,46,83,81,
34,12,47,87,83,
35,12,46,84,81,
36,12,48,91,82,
37,12,49,92,83,
38,12,48,91,82,
39,12,46,84,81,
40,12,46,83,81,
41,12,47,87,83,
42,12,52,97,82,
43,12,71,129,81,
44,12,59,119,80,
45,12,48,94,82,
46,12,47,90,83,
47,12,51,93,83,
48,12,70,125,81,
49,12,59,118,80,
50,12,48,90,83,
51,12,48,91,83,
52,12,55,112,80,
53,12,57,84,79,
54,12,85,57,68,
55,12,89,54,65,
56,12,76,58,67,
57,12,54,79,79,
58,12,50,83,81,
59,12,48,86,83,
60,12,54,80,79,
61,12,88,63,72,
62,12,123,69,79,
63,12,90,54,66,
0,13,103,61,70,
1,13,160,91,89,
2,13,109,64,73,
3,13,140,76,85,
4,13,137,74,85,
5,13,108,63,72,
6,13,168,94,92,
7,13,142,77,85,
8,13,85,58,68,
9,13,51,83,81,
10,13,46,86,83,
11,13,64,101,84,
12,13,153,179,89,
13,13,73,127,81,
14,13,47,90,82,
15,13,47,87,83,
16,13,52,96,82,
17,13,72,127,81,
18,13,75,132,81,
19,13,72,127,81,
20,13,52,96,82,
21,13,47,86,83,
22,13,46,83,81,
23,13,45,79,79,
24,13,41,57,66,
25,13,41,59,68,
26,13,46,80,79,
27,13,46,83,81,
28,13,45,79,79,
29,13,42,63,70,
30,13,46,80,79,
31,13,46,82,81,
32,13,42,60,68,
33,13,45,79,79,
34,13,46,80,79,
35,13,42,63,70,
36,13,45,79,79,
37,13,46,83,81,
38,13,45,80,79,
39,13,41,60,68,
40,13,42,60,68,
41,13,46,83,81,
42,13,48,91,83,
43,13,54,112,80,
44,13,49,95,82,
45,13,47,87,83,
46,13,46,86,83,
47,13,62,100,84,
48,13,139,171,88,
49,13,70,126,81,
50,13,47,90,83,
51,13,48,91,83,
52,13,55,113,81,
53,13,51,88,81,
54,13,81,61,70,
55,13,122,68,79,
56,13,90,55,66,
57,13,84,57,67,
58,13,75,59,68,
59,13,57,76,77,
60,13,81,61,69,
61,13,131,72,82,
62,13,136,74,84,
63,13,91,55,66,
0,14,97,59,68,
1,14,168,95,91,
2,14,143,79,85,
3,14,172,95,94,
4,14,146,79,87,
5,14,138,76,84,
6,14,177,99,95,
7,14,141,78,86,
8,14,82,62,70,
9,14,50,83,81,
10,14,46,86,83,
11,14,64,101,84,
12,14,151,175,89,
13,14,66,105,84,
14,14,46,87,83,
15,14,47,87,83,
16,14,48,91,83,
17,14,47,91,82,
18,14,47,91,82,
19,14,49,95,82,
20,14,55,114,80,
21,14,49,92,80,
22,14,42,64,70,
23,14,41,57,66,
24,14,41,57,66,
25,14,46,80,79,
26,14,47,88,83,
27,14,48,92,83,
28,14,48,91,82,
29,14,47,84,81,
30,14,47,87,83,
31,14,47,87,81,
32,14,42,62,69,
33,14,41,60,68,
34,14,41,57,66,
35,14,40,54,64,
36,14,41,57,66,
37,14,41,60,68,
38,14,41,57,66,
39,14,40,53,64,
40,14,41,57,66,
41,14,46,83,81,
42,14,47,88,83,
43,14,48,90,83,
44,14,47,88,83,
45,14,48,90,83,
46,14,47,87,83,
47,14,51,93,83,
48,14,69,121,82,
49,14,52,96,82,
50,14,47,87,83,
51,14,51,84,81,
52,14,52,86,80,
53,14,51,83,80,
54,14,63,83,82,
55,14,129,77,84,
56,14,97,57,69,
57,14,124,68,79,
58,14,94,56,68,
59,14,80,55,65,
60,14,95,57,68,
61,14,137,74,84,
62,14,130,71,82,
63,14,89,54,66,
0,15,97,59,68,
1,15,164,93,90,
2,15,121,70,76,
3,15,172,97,93,
4,15,142,78,86,
5,15,107,63,72,
6,15,167,93,92,
7,15,138,81,88,
8,15,61,83,82,
9,15,47,86,82,
10,15,48,86,81,
11,15,65,104,83,
12,15,71,126,81,
13,15,50,90,81,
14,15,47,86,83,
15,15,48,92,83,
16,15,55,113,80,
17,15,49,95,82,
18,15,47,87,83,
19,15,48,91,82,
20,15,56,113,78,
21,15,55,113,80,
22,15,47,83,79,
23,15,41,56,66,
24,15,41,60,68,
25,15,46,83,81,
26,15,48,90,83,
27,15,55,113,80,
28,15,56,116,80,
29,15,48,91,83,
30,15,48,91,83,
31,15,54,109,81,
32,15,47,87,81,
33,15,45,79,79,
34,15,41,59,68,
35,15,40,53,64,
36,15,42,60,68,
37,15,46,80,77,
38,15,41,60,68,
39,15,40,53,64,
40,15,42,60,68,
41,15,46,84,81,
42,15,47,87,83,
43,15,47,87,83,
44,15,49,95,82,
45,15,55,113,80,
46,15,48,91,83,
47,15,47,88,83,
48,15,48,93,82,
49,15,47,88,83,
50,15,50,84,81,
51,15,71,62,69,
52,15,78,55,65,
53,15,75,59,67,
54,15,77,85,83,
55,15,157,95,91,
56,15,107,62,72,
57,15,131,72,82,
58,15,133,74,83,
59,15,96,57,68,
60,15,130,71,82,
61,15,137,74,85,
62,15,100,59,70,
63,15,84,52,64,
0,16,96,58,68,
1,16,163,92,90,
2,16,143,79,85,
3,16,176,98,95,
4,16,141,77,85,
5,16,97,58,69,
6,16,144,79,86,
7,16,133,79,87,
8,16,58,83,82,
9,16,43,79,79,
10,16,59,77,71,
11,16,150,171,87,
12,16,70,119,78,
13,16,42,67,69,
14,16,45,79,79,
15,16,48,88,81,
16,16,56,116,80,
17,16,55,113,80,
18,16,47,87,81,
19,16,46,80,79,
20,16,43,67,69,
21,16,47,84,78,
22,16,46,80,79,
23,16,41,60,68,
24,16,46,80,79,
25,16,48,91,82,
26,16,48,91,83,
27,16,50,96,82,
28,16,55,113,80,
29,16,48,91,83,
30,16,47,87,83,
31,16,48,88,81,
32,16,47,88,83,
33,16,47,87,83,
34,16,46,80,79,
35,16,42,63,70,
36,16,47,84,79,
37,16,55,113,80,
38,16,48,88,78,
39,16,42,63,69,
40,16,45,76,77,
41,16,46,83,81,
42,16,47,86,83,
43,16,48,91,83,
44,16,57,117,80,
45,16,58,121,79,
46,16,49,92,82,
47,16,49,95,82,
48,16,55,113,80,
49,16,49,95,82,
50,16,47,87,83,
51,16,54,80,79,
52,16,75,58,67,
53,16,83,57,67,
54,16,126,76,83,
55,16,172,97,94,
56,16,140,77,84,
57,16,107,63,72,
58,16,159,90,89,
59,16,103,61,70,
60,16,139,76,85,
61,16,144,77,87,
62,16,130,71,82,
63,16,89,54,66,
0,17,92,56,67,
1,17,137,76,83,
2,17,110,65,73,
3,17,171,96,93,
4,17,142,78,86,
5,17,107,63,72,
6,17,167,93,92,
7,17,136,78,86,
8,17,53,59,69,
9,17,45,57,66,
10,17,74,87,70,
11,17,153,171,86,
12,17,60,79,69,
13,17,39,53,64,
14,17,41,56,66,
15,17,42,61,68,
16,17,47,84,79,
17,17,47,84,78,
18,17,42,61,68,
19,17,41,60,68,
20,17,41,57,67,
21,17,41,60,68,
22,17,42,60,68,
23,17,42,61,69,
24,17,47,87,81,
25,17,55,114,80,
26,17,56,116,80,
27,17,48,91,83,
28,17,48,90,83,
29,17,47,88,83,
30,17,46,80,79,
31,17,42,63,70,
32,17,45,80,79,
33,17,46,84,81,
34,17,47,87,83,
35,17,47,87,81,
36,17,48,91,82,
37,17,56,117,80,
38,17,55,113,80,
39,17,47,84,79,
40,17,42,63,70,
41,17,41,60,68,
42,17,46,80,79,
43,17,48,91,82,
44,17,58,121,79,
45,17,57,117,80,
46,17,49,94,82,
47,17,55,113,80,
48,17,59,124,79,
49,17,57,117,80,
50,17,48,91,83,
51,17,47,86,83,
52,17,50,80,79,
53,17,55,79,79,
54,17,89,64,72,
55,17,147,81,87,
56,17,168,94,92,
57,17,113,67,74,
58,17,164,93,90,
59,17,114,67,74,
60,17,167,93,92,
61,17,148,80,88,
62,17,130,71,82,
63,17,89,54,66,
0,18,95,57,68,
1,18,153,87,87,
2,18,107,64,71,
3,18,170,96,92,
4,18,147,80,88,
5,18,137,76,84,
6,18,177,99,95,
7,18,136,78,86,
8,18,57,56,67,
9,18,94,82,69,
10,18,145,163,84,
11,18,80,124,78,
12,18,43,60,66,
13,18,40,52,64,
14,18,40,53,64,
15,18,40,54,64,
16,18,41,60,68,
17,18,41,60,68,
18,18,41,60,68,
19,18,46,80,79,
20,18,47,87,80,
21,18,46,83,81,
22,18,46,83,81,
23,18,47,87,81,
24,18,47,87,83,
25,18,50,95,82,
26,18,55,113,80,
27,18,48,91,82,
28,18,46,83,81,
29,18,46,80,79,
30,18,41,60,68,
31,18,40,54,64,
32,18,41,56,66,
33,18,41,60,68,
34,18,47,84,79,
35,18,54,109,81,
36,18,48,91,82,
37,18,47,87,81,
38,18,48,88,81,
39,18,47,88,83,
40,18,47,84,79,
41,18,42,60,68,
42,18,41,60,68,
43,18,48,88,81,
44,18,55,113,80,
45,18,49,95,82,
46,18,47,88,83,
47,18,49,95,82,
48,18,57,118,80,
49,18,58,121,79,
50,18,48,91,82,
51,18,45,80,79,
52,18,42,64,70,
53,18,45,80,79,
54,18,60,82,81,
55,18,132,79,85,
56,18,177,98,95,
57,18,149,82,88,
58,18,174,97,94,
59,18,144,80,85,
60,18,176,98,95,
61,18,143,78,86,
62,18,94,56,68,
63,18,83,51,63,
0,19,104,72,69,
1,19,127,72,80,
2,19,101,59,70,
3,19,167,94,92,
4,19,146,80,87,
5,19,109,64,73,
6,19,172,95,93,
7,19,138,79,86,
8,19,84,87,72,
9,19,144,163,84,
10,19,85,129,79,
11,19,60,84,70,
12,19,44,63,66,
13,19,40,54,64,
14,19,42,52,63,
15,19,41,59,68,
16,19,44,79,79,
17,19,49,88,80,
18,19,61,96,82,
19,19,51,92,83,
20,19,54,109,81,
21,19,48,91,83,
22,19,48,91,83,
23,19,54,110,81,
24,19,49,94,82,
25,19,47,88,83,
26,19,48,90,83,
27,19,46,84,81,
28,19,42,61,68,
29,19,41,56,66,
30,19,40,53,64,
31,19,40,53,64,
32,19,40,53,64,
33,19,40,53,64,
34,19,42,61,68,
35,19,49,91,80,
36,19,46,82,79,
37,19,41,60,68,
38,19,41,60,68,
39,19,48,88,81,
40,19,55,113,80,
41,19,47,84,78,
42,19,41,60,68,
43,19,46,83,81,
44,19,48,90,83,
45,19,46,84,81,
46,19,46,82,81,
47,19,46,83,81,
48,19,49,94,82,
49,19,55,113,80,
50,19,48,87,80,
51,19,43,59,67,
52,19,40,53,64,
53,19,41,60,68,
54,19,49,76,77,
55,19,94,63,71,
56,19,167,93,91,
57,19,155,84,90,
58,19,171,96,93,
59,19,114,67,74,
60,19,171,96,93,
61,19,142,78,86,
62,19,89,54,66,
63,19,82,50,63,
0,20,159,167,85,
1,20,111,88,71,
2,20,103,71,69,
3,20,147,81,87,
4,20,166,92,92,
5,20,108,65,71,
6,20,172,107,92,
7,20,159,109,89,
8,20,152,166,87,
9,20,87,129,79,
10,20,75,98,73,
11,20,138,162,84,
12,20,67,114,77,
13,20,45,57,63,
14,20,55,48,59,
15,20,51,84,78,
16,20,65,104,84,
17,20,86,136,83,
18,20,140,169,88,
19,20,62,100,84,
20,20,47,90,83,
21,20,47,87,83,
22,20,46,84,81,
23,20,49,94,82,
24,20,54,110,81,
25,20,48,92,83,
26,20,48,90,83,
27,20,46,80,79,
28,20,41,56,66,
29,20,40,52,64,
30,20,40,53,64,
31,20,40,53,64,
32,20,40,53,64,
33,20,40,53,64,
34,20,44,67,67,
35,20,52,99,75,
36,20,43,63,67,
37,20,40,53,64,
38,20,41,56,66,
39,20,47,84,79,
40,20,55,113,80,
41,20,48,87,80,
42,20,42,61,69,
43,20,46,83,81,
44,20,46,80,79,
45,20,42,60,68,
46,20,42,60,68,
47,20,42,64,70,
48,20,46,81,79,
49,20,48,91,83,
50,20,49,82,80,
51,20,55,49,59,
52,20,45,50,62,
53,20,42,52,63,
54,20,43,54,64,
55,20,71,49,61,
56,20,142,78,85,
57,20,152,82,89,
58,20,170,95,92,
59,20,108,65,71,
60,20,170,96,92,
61,20,142,78,86,
62,20,88,55,66,
63,20,78,58,64,
0,21,105,151,83,
1,21,161,172,86,
2,21,167,171,87,
3,21,159,108,89,
4,21,172,108,92,
5,21,105,83,72,
6,21,168,173,89,
7,21,164,176,90,
8,21,90,125,79,
9,21,91,84,69,
10,21,157,169,85,
11,21,85,135,82,
12,21,53,86,76,
13,21,56,47,58,
14,21,58,54,59,
15,21,70,120,78,
16,21,152,181,89,
17,21,156,185,89,
18,21,83,134,82,
19,21,50,92,83,
20,21,47,86,83,
21,21,46,80,79,
22,21,42,63,70,
23,21,46,81,79,
24,21,48,90,82,
25,21,48,88,81,
26,21,53,103,77,
27,21,45,72,69,
28,21,42,61,66,
29,21,40,54,64,
30,21,40,52,64,
31,21,40,52,64,
32,21,40,53,64,
33,21,44,67,67,
34,21,52,100,75,
35,21,44,67,67,
36,21,40,53,64,
37,21,40,53,64,
38,21,40,53,64,
39,21,42,60,68,
40,21,47,84,79,
41,21,46,80,79,
42,21,42,60,68,
43,21,45,76,77,
44,21,41,60,68,
45,21,41,60,68,
46,21,45,80,79,
47,21,46,80,79,
48,21,43,66,71,
49,21,46,81,80,
50,21,48,81,79,
51,21,57,48,58,
52,21,59,42,55,
53,21,58,44,57,
54,21,46,49,60,
55,21,73,49,60,
56,21,158,88,89,
57,21,148,81,88,
58,21,169,95,92,
59,21,108,64,71,
60,21,166,93,91,
61,21,141,77,85,
62,21,89,64,68,
63,21,79,116,76,
0,22,156,174,86,
1,22,103,93,71,
2,22,92,126,79,
3,22,165,176,90,
4,22,167,179,90,
5,22,80,119,77,
6,22,76,123,79,
7,22,83,112,82,
8,22,79,64,67,
9,22,94,70,66,
10,22,156,171,87,
11,22,76,100,82,
12,22,72,57,65,
13,22,75,53,62,
14,22,64,81,78,
15,22,71,117,80,
16,22,84,130,82,
17,22,73,126,81,
18,22,49,94,82,
19,22,46,84,81,
20,22,46,80,79,
21,22,41,60,68,
22,22,40,53,64,
23,22,41,60,68,
24,22,45,76,77,
25,22,42,61,68,
26,22,44,67,67,
27,22,53,102,74,
28,22,53,103,74,
29,22,44,68,67,
30,22,42,62,66,
31,22,42,61,66,
32,22,43,64,67,
33,22,52,100,75,
34,22,48,90,80,
35,22,41,57,66,
36,22,40,53,64,
37,22,41,56,66,
38,22,40,53,64,
39,22,40,53,64,
40,22,41,56,66,
41,22,41,57,66,
42,22,40,54,64,
43,22,41,56,66,
44,22,41,57,66,
45,22,46,80,79,
46,22,47,87,83,
47,22,47,87,83,
48,22,46,80,79,
49,22,42,64,70,
50,22,46,79,79,
51,22,45,54,64,
52,22,60,44,57,
53,22,81,51,63,
54,22,63,44,57,
55,22,72,47,59,
56,22,136,75,83,
57,22,117,67,75,
58,22,164,93,90,
59,22,104,62,71,
60,22,144,79,86,
61,22,137,74,84,
62,22,102,73,69,
63,22,170,182,87,
0,23,80,117,77,
1,23,81,61,65,
2,23,83,66,69,
3,23,71,106,81,
4,23,78,117,78,
5,23,85,70,69,
6,23,98,79,71,
7,23,158,163,85,
8,23,96,69,67,
9,23,87,62,67,
10,23,92,115,81,
11,23,135,90,88,
12,23,165,92,91,
13,23,157,89,88,
14,23,128,78,84,
15,23,121,80,84,
16,23,115,90,85,
17,23,74,104,84,
18,23,63,98,82,
19,23,44,62,68,
20,23,41,56,66,
21,23,40,53,64,
22,23,40,53,64,
23,23,40,54,64,
24,23,41,59,67,
25,23,40,54,64,
26,23,40,54,64,
27,23,42,61,66,
28,23,44,68,67,
29,23,53,103,75,
30,23,55,111,77,
31,23,53,105,76,
32,23,46,80,76,
33,23,43,66,69,
34,23,45,76,77,
35,23,41,56,66,
36,23,41,57,66,
37,23,45,76,77,
38,23,41,60,68,
39,23,40,53,64,
40,23,40,53,64,
41,23,40,53,64,
42,23,41,56,66,
43,23,40,53,64,
44,23,41,57,66,
45,23,45,80,79,
46,23,46,83,81,
47,23,46,84,81,
48,23,46,83,81,
49,23,42,64,70,
50,23,45,77,77,
51,23,41,63,67,
52,23,53,55,65,
53,23,113,66,77,
54,23,89,53,65,
55,23,79,50,60,
56,23,161,91,89,
57,23,144,80,86,
58,23,169,95,92,
59,23,113,66,74,
60,23,163,91,91,
61,23,140,76,85,
62,23,101,72,69,
63,23,170,181,87,
0,24,79,58,65,
1,24,93,57,68,
2,24,116,74,79,
3,24,72,101,77,
4,24,92,72,72,
5,24,125,69,80,
6,24,146,92,86,
7,24,166,169,87,
8,24,101,73,69,
9,24,132,74,83,
10,24,139,84,87,
11,24,163,93,91,
12,24,140,87,86,
13,24,111,76,73,
14,24,84,56,66,
15,24,60,60,67,
16,24,77,113,78,
17,24,154,179,89,
18,24,151,173,87,
19,24,57,76,68,
20,24,39,53,64,
21,24,40,53,64,
22,24,40,53,64,
23,24,41,57,66,
24,24,45,76,77,
25,24,41,60,68,
26,24,40,53,64,
27,24,40,52,64,
28,24,40,53,64,
29,24,43,65,68,
30,24,47,85,79,
31,24,43,66,68,
32,24,42,61,68,
33,24,41,57,67,
34,24,41,57,66,
35,24,40,53,64,
36,24,41,57,66,
37,24,45,79,79,
38,24,45,76,77,
39,24,41,56,66,
40,24,40,53,64,
41,24,41,56,66,
42,24,44,73,75,
43,24,41,56,66,
44,24,40,53,64,
45,24,41,57,66,
46,24,41,57,66,
47,24,41,60,68,
48,24,45,79,79,
49,24,45,76,77,
50,24,46,69,69,
51,24,66,110,76,
52,24,49,62,66,
53,24,90,56,68,
54,24,121,67,78,
55,24,87,53,63,
56,24,161,91,88,
57,24,115,68,74,
58,24,169,95,92,
59,24,139,76,84,
60,24,145,79,87,
61,24,138,76,85,
62,24,99,79,71,
63,24,78,127,79,
0,25,95,56,68,
1,25,118,66,77,
2,25,88,55,66,
3,25,87,61,66,
4,25,144,84,84,
5,25,117,67,75,
6,25,160,100,91,
7,25,93,115,79,
8,25,103,71,72,
9,25,164,90,91,
10,25,137,74,84,
11,25,94,65,70,
12,25,83,117,80,
13,25,141,160,84,
14,25,64,74,67,
15,25,54,45,57,
16,25,50,66,65,
17,25,71,120,77,
18,25,73,126,79,
19,25,55,104,75,
20,25,42,59,65,
21,25,42,51,63,
22,25,42,51,63,
23,25,41,56,66,
24,25,45,79,79,
25,25,45,76,77,
26,25,41,56,66,
27,25,40,53,64,
28,25,41,56,66,
29,25,41,57,66,
30,25,45,75,77,
31,25,41,60,68,
32,25,45,79,78,
33,25,45,76,77,
34,25,41,56,66,
35,25,40,53,64,
36,25,40,54,64,
37,25,41,57,66,
38,25,41,57,66,
39,25,41,57,66,
40,25,40,53,64,
41,25,40,54,64,
42,25,41,56,66,
43,25,40,51,62,
44,25,40,50,62,
45,25,40,53,64,
46,25,40,53,64,
47,25,40,53,64,
48,25,41,57,66,
49,25,40,56,66,
50,25,56,71,67,
51,25,138,161,84,
52,25,76,85,70,
53,25,83,54,65,
54,25,119,66,78,
55,25,87,53,63,
56,25,160,91,88,
57,25,108,65,72,
58,25,159,90,89,
59,25,114,66,75,
60,25,140,76,86,
61,25,150,91,88,
62,25,166,169,88,
63,25,78,127,79,
0,26,135,75,83,
1,26,91,55,66,
2,26,50,34,47,
3,26,51,34,47,
4,26,91,55,65,
5,26,141,78,85,
6,26,168,95,92,
7,26,112,74,75,
8,26,157,91,89,
9,26,136,83,85,
10,26,90,55,66,
11,26,65,49,60,
12,26,54,86,76,
13,26,69,122,79,
14,26,58,102,73,
15,26,60,49,57,
16,26,57,44,56,
17,26,43,59,64,
18,26,41,61,66,
19,26,44,60,65,
20,26,45,52,62,
21,26,57,44,56,
22,26,55,45,57,
23,26,42,53,64,
24,26,41,57,66,
25,26,41,57,66,
26,26,40,54,64,
27,26,41,60,68,
28,26,45,76,77,
29,26,41,57,66,
30,26,41,56,65,
31,26,41,57,66,
32,26,45,76,77,
33,26,42,60,68,
34,26,40,53,64,
35,26,39,51,61,
36,26,39,51,61,
37,26,40,52,63,
38,26,41,56,66,
39,26,44,73,75,
40,26,41,60,68,
41,26,40,53,64,
42,26,40,51,62,
43,26,41,36,49,
44,26,41,34,47,
45,26,40,48,59,
46,26,40,51,62,
47,26,40,53,64,
48,26,40,53,64,
49,26,40,52,64,
50,26,43,61,66,
51,26,82,124,77,
52,26,144,162,83,
53,26,93,77,64,
54,26,83,51,63,
55,26,79,49,61,
56,26,156,88,87,
57,26,104,62,71,
58,26,142,78,85,
59,26,144,79,86,
60,26,173,96,94,
61,26,160,109,90,
62,26,166,172,88,
63,26,94,80,69,
0,27,166,93,91,
1,27,89,54,64,
2,27,44,31,45,
3,27,39,28,42,
4,27,61,40,51,
5,27,162,91,89,
6,27,152,84,88,
7,27,169,93,92,
8,27,145,89,89,
9,27,91,113,79,
10,27,67,54,59,
11,27,75,47,60,
12,27,60,48,59,
13,27,45,59,64,
14,27,45,63,66,
15,27,59,44,55,
16,27,59,43,55,
17,27,43,54,64,
18,27,44,51,62,
19,27,56,43,56,
20,27,55,41,53,
21,27,55,41,53,
22,27,44,50,61,
23,27,39,51,61,
24,27,40,53,64,
25,27,40,53,64,
26,27,41,56,66,
27,27,45,77,77,
28,27,45,79,79,
29,27,41,57,66,
30,27,40,53,64,
31,27,40,54,65,
32,27,41,56,65,
33,27,39,51,61,
34,27,37,48,57,
35,27,30,35,39,
36,27,30,35,39,
37,27,37,49,58,
38,27,40,53,64,
39,27,41,60,68,
40,27,44,73,75,
41,27,41,56,66,
42,27,40,53,64,
43,27,40,48,60,
44,27,41,34,47,
45,27,41,32,46,
46,27,43,35,48,
47,27,40,48,60,
48,27,40,51,62,
49,27,40,53,64,
50,27,40,49,60,
51,27,45,51,52,
52,27,82,122,74,
53,27,146,161,83,
54,27,103,84,68,
55,27,89,65,63,
56,27,132,74,81,
57,27,102,60,70,
58,27,165,92,91,
59,27,155,84,90,
60,27,184,123,96,
61,27,167,172,90,
62,27,90,124,78,
63,27,81,60,65,
0,28,135,75,83,
1,28,91,55,66,
2,28,51,34,48,
3,28,50,33,47,
4,28,64,41,52,
5,28,155,88,87,
6,28,114,67,74,
7,28,172,98,93,
8,28,158,108,90,
9,28,150,162,85,
10,28,77,62,60,
11,28,81,50,62,
12,28,61,41,53,
13,28,56,46,58,
14,28,50,73,75,
15,28,67,50,60,
16,28,63,47,58,
17,28,50,73,75,
18,28,57,47,58,
19,28,54,39,50,
20,28,35,35,40,
21,28,32,35,39,
22,28,36,46,54,
23,28,31,38,43,
24,28,37,49,58,
25,28,40,53,63,
26,28,39,52,62,
27,28,41,57,66,
28,28,41,57,66,
29,28,40,53,64,
30,28,38,50,60,
31,28,38,50,60,
32,28,37,48,57,
33,28,30,36,40,
34,28,30,36,40,
35,28,29,34,37,
36,28,27,31,33,
37,28,30,35,39,
38,28,37,48,57,
39,28,39,51,61,
40,28,41,56,66,
41,28,40,54,65,
42,28,40,53,64,
43,28,40,53,64,
44,28,39,46,57,
45,28,42,33,45,
46,28,55,37,51,
47,28,47,35,48,
48,28,43,36,49,
49,28,40,46,58,
50,28,41,34,47,
51,28,42,30,44,
52,28,48,51,51,
53,28,98,138,79,
54,28,162,173,86,
55,28,164,169,87,
56,28,131,93,84,
57,28,113,78,73,
58,28,175,110,93,
59,28,160,109,90,
60,28,165,171,90,
61,28,92,128,79,
62,28,83,68,68,
63,28,83,52,64,
0,29,95,56,68,
1,29,118,66,77,
2,29,95,56,68,
3,29,112,63,74,
4,29,92,55,66,
5,29,135,75,83,
6,29,103,61,70,
7,29,173,108,92,
8,29,180,178,92,
9,29,89,125,76,
10,29,72,55,61,
11,29,116,65,75,
12,29,60,43,49,
13,29,65,49,59,
14,29,64,77,78,
15,29,111,69,78,
16,29,79,59,68,
17,29,53,73,75,
18,29,56,45,55,
19,29,36,35,41,
20,29,36,46,54,
21,29,30,36,40,
22,29,28,33,36,
23,29,27,31,33,
24,29,30,35,39,
25,29,36,46,54,
26,29,31,38,42,
27,29,37,48,57,
28,29,39,51,61,
29,29,39,51,61,
30,29,32,41,45,
31,29,29,34,37,
32,29,28,33,36,
33,29,28,33,36,
34,29,36,46,54,
35,29,36,46,54,
36,29,28,33,36,
37,29,27,31,33,
38,29,28,33,36,
39,29,31,38,43,
40,29,37,48,58,
41,29,38,50,60,
42,29,39,50,60,
43,29,37,48,57,
44,29,30,35,39,
45,29,32,32,37,
46,29,57,39,51,
47,29,71,45,58,
48,29,61,41,54,
49,29,45,34,47,
50,29,43,31,45,
51,29,53,36,50,
52,29,58,50,50,
53,29,142,157,81,
54,29,104,95,72,
55,29,76,121,79,
56,29,84,121,79,
57,29,160,167,85,
58,29,183,189,91,
59,29,178,187,91,
60,29,92,127,78,
61,29,84,69,69,
62,29,122,68,79,
63,29,90,54,66,
0,30,82,51,63,
1,30,94,56,68,
2,30,119,67,78,
3,30,94,56,68,
4,30,101,60,70,
5,30,155,87,88,
6,30,102,60,70,
7,30,145,92,86,
8,30,165,170,87,
9,30,74,68,60,
10,30,70,45,58,
11,30,131,72,82,
12,30,126,70,79,
13,30,117,66,77,
14,30,81,54,65,
15,30,81,57,67,
16,30,57,76,77,
17,30,57,55,63,
18,30,53,40,50,
19,30,32,34,38,
20,30,37,48,57,
21,30,36,46,54,
22,30,28,33,36,
23,30,28,31,34,
24,30,28,32,34,
25,30,30,35,39,
26,30,29,34,37,
27,30,28,33,37,
28,30,30,35,39,
29,30,38,52,59,
30,30,41,69,69,
31,30,31,42,43,
32,30,27,31,33,
33,30,27,31,33,
34,30,28,33,36,
35,30,28,33,36,
36,30,27,32,34,
37,30,29,37,38,
38,30,30,36,40,
39,30,35,44,52,
40,30,30,36,40,
41,30,30,36,40,
42,30,29,34,37,
43,30,28,33,36,
44,30,27,31,33,
45,30,28,31,34,
46,30,42,32,43,
47,30,63,42,55,
48,30,76,48,60,
49,30,59,39,52,
50,30,46,32,46,
51,30,58,38,52,
52,30,50,44,50,
53,30,72,104,71,
54,30,76,65,67,
55,30,56,85,78,
56,30,84,69,70,
57,30,103,81,71,
58,30,98,133,80,
59,30,172,186,88,
60,30,100,80,70,
61,30,95,57,69,
62,30,129,71,82,
63,30,91,55,66,
0,31,82,51,63,
1,31,83,52,63,
2,31,93,56,67,
3,31,90,54,66,
4,31,132,73,82,
5,31,143,79,86,
6,31,100,60,69,
7,31,133,94,84,
8,31,84,120,79,
9,31,62,52,57,
10,31,70,44,58,
11,31,121,67,78,
12,31,91,54,66,
13,31,72,45,58,
14,31,52,34,48,
15,31,59,45,56,
16,31,49,75,76,
17,31,48,71,72,
18,31,33,37,40,
19,31,28,31,33,
20,31,30,33,37,
21,31,28,33,36,
22,31,29,31,34,
23,31,36,29,39,
24,31,30,33,37,
25,31,36,46,54,
26,31,36,46,54,
27,31,28,33,36,
28,31,27,31,33,
29,31,30,36,39,
30,31,39,55,62,
31,31,42,69,69,
32,31,31,43,44,
33,31,29,38,39,
34,31,29,38,39,
35,31,29,38,39,
36,31,31,43,43,
37,31,40,66,66,
38,31,37,49,56,
39,31,29,35,38,
40,31,28,33,36,
41,31,35,44,51,
42,31,30,35,39,
43,31,28,33,36,
44,31,27,31,33,
45,31,27,31,33,
46,31,33,34,39,
47,31,58,40,52,
48,31,75,48,60,
49,31,61,41,54,
50,31,48,33,47,
51,31,72,46,58,
52,31,59,41,53,
53,31,49,40,50,
54,31,76,60,63,
55,31,83,114,79,
56,31,134,84,85,
57,31,160,89,89,
58,31,109,85,74,
59,31,166,170,88,
60,31,146,92,86,
61,31,132,71,83,
62,31,133,73,83,
63,31,90,55,66,
0,32,83,51,63,
1,32,94,56,68,
2,32,123,68,79,
3,32,96,57,68,
4,32,141,77,86,
5,32,166,92,91,
6,32,106,73,70,
7,32,150,161,85,
8,32,74,115,75,
9,32,61,50,57,
10,32,65,42,56,
11,32,80,50,62,
12,32,57,38,51,
13,32,68,44,56,
14,32,48,33,47,
15,32,58,40,53,
16,32,48,39,51,
17,32,52,43,53,
18,32,31,33,36,
19,32,29,33,37,
20,32,37,30,40,
21,32,30,33,37,
22,32,30,33,38,
23,32,38,30,41,
24,32,30,31,36,
25,32,28,34,37,
26,32,29,33,37,
27,32,28,31,34,
28,32,27,31,33,
29,32,27,31,33,
30,32,30,36,40,
31,32,40,57,64,
32,32,42,72,71,
33,32,42,74,71,
34,32,42,74,71,
35,32,43,76,74,
36,32,41,70,68,
37,32,31,42,43,
38,32,29,34,37,
39,32,29,31,34,
40,32,29,31,34,
41,32,30,35,39,
42,32,36,47,55,
43,32,38,48,57,
44,32,32,35,39,
45,32,34,35,39,
46,32,38,46,55,
47,32,44,34,47,
48,32,61,41,54,
49,32,61,41,54,
50,32,51,34,48,
51,32,75,47,60,
52,32,61,41,54,
53,32,47,31,46,
54,32,90,67,64,
55,32,167,169,88,
56,32,154,96,89,
57,32,174,95,94,
58,32,134,83,85,
59,32,97,117,81,
60,32,155,97,90,
61,32,108,62,72,
62,32,128,71,81,
63,32,91,55,66,
0,33,89,54,66,
1,33,131,72,82,
2,33,139,76,85,
3,33,97,57,69,
4,33,141,77,85,
5,33,173,98,93,
6,33,107,83,72,
7,33,78,111,74,
8,33,65,61,60,
9,33,75,48,60,
10,33,67,44,56,
11,33,82,51,63,
12,33,63,42,55,
13,33,62,41,54,
14,33,49,33,47,
15,33,72,46,58,
16,33,60,39,53,
17,33,43,31,43,
18,33,30,33,37,
19,33,39,44,54,
20,33,41,34,47,
21,33,39,48,58,
22,33,39,46,56,
23,33,41,31,45,
24,33,38,29,41,
25,33,30,30,35,
26,33,30,31,35,
27,33,37,32,42,
28,33,30,33,37,
29,33,27,31,33,
30,33,28,33,36,
31,33,36,47,55,
32,33,32,42,45,
33,33,30,38,39,
34,33,31,41,43,
35,33,39,56,62,
36,33,31,41,43,
37,33,28,33,36,
38,33,28,31,34,
39,33,37,30,40,
40,33,38,29,41,
41,33,30,31,35,
42,33,30,36,39,
43,33,39,47,56,
44,33,55,41,52,
45,33,68,47,58,
46,33,47,50,60,
47,33,39,36,43,
48,33,60,41,53,
49,33,74,47,60,
50,33,62,41,54,
51,33,75,47,60,
52,33,63,41,54,
53,33,48,32,47,
54,33,89,67,64,
55,33,168,172,88,
56,33,155,106,88,
57,33,149,81,88,
58,33,141,78,86,
59,33,101,67,73,
60,33,132,74,82,
61,33,98,58,69,
62,33,127,70,81,
63,33,91,55,66,
0,34,90,54,66,
1,34,141,77,85,
2,34,167,94,92,
3,34,107,63,72,
4,34,142,78,86,
5,34,184,123,96,
6,34,160,157,87,
7,34,86,71,66,
8,34,65,43,56,
9,34,76,48,60,
10,34,73,46,59,
11,34,117,66,77,
12,34,71,45,58,
13,34,72,46,58,
14,34,53,35,49,
15,34,75,47,60,
16,34,62,41,54,
17,34,44,32,44,
18,34,36,33,39,
19,34,51,39,51,
20,34,43,35,49,
21,34,40,46,58,
22,34,41,34,47,
23,34,41,29,43,
24,34,41,29,43,
25,34,39,32,44,
26,34,39,34,46,
27,34,40,48,60,
28,34,37,49,58,
29,34,30,35,39,
30,34,27,32,34,
31,34,31,37,42,
32,34,36,46,55,
33,34,29,35,38,
34,34,29,37,39,
35,34,41,70,69,
36,34,31,39,42,
37,34,34,43,50,
38,34,28,33,36,
39,34,30,31,35,
40,34,39,31,44,
41,34,38,30,41,
42,34,30,31,35,
43,34,31,33,38,
44,34,44,32,45,
45,34,61,43,56,
46,34,73,49,61,
47,34,72,47,58,
48,34,65,43,56,
49,34,75,47,60,
50,34,52,36,49,
51,34,63,42,55,
52,34,73,46,59,
53,34,52,34,48,
54,34,81,59,64,
55,34,93,126,78,
56,34,173,174,90,
57,34,155,95,89,
58,34,172,95,94,
59,34,144,78,86,
60,34,139,76,85,
61,34,103,60,71,
62,34,128,71,81,
63,34,91,55,66,
0,35,90,54,66,
1,35,141,77,85,
2,35,177,98,95,
3,35,135,75,84,
4,35,139,94,86,
5,35,164,160,89,
6,35,85,111,83,
7,35,82,58,66,
8,35,68,44,57,
9,35,82,51,63,
10,35,77,48,61,
11,35,121,67,78,
12,35,61,39,52,
13,35,74,47,59,
14,35,64,42,55,
15,35,75,47,60,
16,35,63,42,55,
17,35,56,38,51,
18,35,53,38,50,
19,35,44,36,49,
20,35,40,46,58,
21,35,41,34,47,
22,35,41,29,43,
23,35,41,29,43,
24,35,41,34,47,
25,35,40,48,60,
26,35,40,50,62,
27,35,39,51,61,
28,35,40,53,63,
29,35,37,48,57,
30,35,31,38,42,
31,35,37,48,58,
32,35,40,53,64,
33,35,37,48,58,
34,35,32,42,45,
35,35,41,69,67,
36,35,31,40,42,
37,35,29,35,39,
38,35,27,32,34,
39,35,30,36,39,
40,35,39,46,56,
41,35,41,32,45,
42,35,40,29,42,
43,35,39,29,42,
44,35,41,32,45,
45,35,44,48,60,
46,35,59,44,57,
47,35,61,41,54,
48,35,64,42,55,
49,35,77,48,61,
50,35,62,41,54,
51,35,63,42,55,
52,35,74,47,59,
53,35,57,37,50,
54,35,108,62,73,
55,35,84,73,64,
56,35,163,169,87,
57,35,154,96,89,
58,35,178,98,95,
59,35,155,84,90,
60,35,173,96,94,
61,35,143,78,86,
62,35,134,73,84,
63,35,90,55,66,
0,36,90,54,66,
1,36,141,76,85,
2,36,174,98,93,
3,36,111,83,74,
4,36,79,101,76,
5,36,94,84,71,
6,36,74,102,77,
7,36,117,74,80,
8,36,80,49,61,
9,36,119,67,78,
10,36,95,57,68,
11,36,122,68,78,
12,36,58,37,51,
13,36,72,46,58,
14,36,66,43,56,
15,36,62,41,54,
16,36,61,41,54,
17,36,46,32,46,
18,36,43,32,46,
19,36,41,46,59,
20,36,42,52,66,
21,36,41,32,46,
22,36,41,29,43,
23,36,41,31,45,
24,36,40,45,57,
25,36,40,50,61,
26,36,39,48,58,
27,36,31,38,43,
28,36,39,51,62,
29,36,42,55,69,
30,36,39,51,62,
31,36,40,53,64,
32,36,40,53,64,
33,36,40,53,64,
34,36,37,49,58,
35,36,33,43,47,
36,36,38,49,58,
37,36,37,48,57,
38,36,31,37,42,
39,36,36,47,55,
40,36,40,50,61,
41,36,41,32,46,
42,36,41,29,43,
43,36,41,29,43,
44,36,41,32,45,
45,36,40,50,62,
46,36,45,52,66,
47,36,48,38,55,
48,36,62,42,55,
49,36,77,49,61,
50,36,63,42,55,
51,36,61,41,54,
52,36,72,46,58,
53,36,53,35,49,
54,36,86,51,64,
55,36,67,53,59,
56,36,84,112,77,
57,36,147,101,88,
58,36,180,100,96,
59,36,155,84,90,
60,36,177,98,95,
61,36,144,79,87,
62,36,134,73,84,
63,36,91,54,66,
0,37,89,64,68,
1,37,147,93,86,
2,37,185,125,96,
3,37,159,156,86,
4,37,96,76,70,
5,37,121,69,79,
6,37,100,66,72,
7,37,126,71,80,
8,37,81,50,62,
9,37,119,67,78,
10,37,97,58,69,
11,37,123,68,79,
12,37,56,37,50,
13,37,62,41,54,
14,37,73,47,59,
15,37,54,36,50,
16,37,71,45,57,
17,37,46,32,46,
18,37,42,33,49,
19,37,43,36,53,
20,37,54,57,87,
21,37,43,34,50,
22,37,41,29,42,
23,37,41,30,44,
24,37,43,36,52,
25,37,41,35,49,
26,37,39,32,44,
27,37,31,33,38,
28,37,41,49,62,
29,37,53,62,91,
30,37,44,57,73,
31,37,40,53,64,
32,37,40,53,64,
33,37,43,55,69,
34,37,43,55,70,
35,37,41,53,66,
36,37,39,51,62,
37,37,40,53,64,
38,37,38,49,58,
39,37,32,38,44,
40,37,39,45,56,
41,37,41,32,45,
42,37,41,29,43,
43,37,41,29,43,
44,37,41,32,46,
45,37,45,54,72,
46,37,59,69,105,
47,37,61,65,101,
48,37,63,45,61,
49,37,75,47,60,
50,37,61,41,54,
51,37,50,34,48,
52,37,58,39,52,
53,37,56,36,50,
54,37,115,64,75,
55,37,73,47,59,
56,37,93,74,68,
57,37,167,155,87,
58,37,172,116,94,
59,37,159,97,90,
60,37,173,98,93,
61,37,108,62,72,
62,37,127,71,81,
63,37,87,62,68,
0,38,78,125,79,
1,38,165,170,87,
2,38,170,172,89,
3,38,83,110,82,
4,38,87,60,68,
5,38,136,73,84,
6,38,143,77,86,
7,38,133,73,83,
8,38,75,47,60,
9,38,89,54,66,
10,38,89,54,66,
11,38,117,65,76,
12,38,55,36,49,
13,38,61,40,53,
14,38,77,48,61,
15,38,63,41,54,
16,38,74,46,59,
17,38,49,37,54,
18,38,57,59,92,
19,38,46,39,59,
20,38,43,34,51,
21,38,41,30,44,
22,38,41,29,42,
23,38,43,34,51,
24,38,56,61,94,
25,38,43,50,65,
26,38,40,33,46,
27,38,39,30,43,
28,38,42,36,52,
29,38,40,44,60,
30,38,56,65,98,
31,38,45,57,75,
32,38,45,57,74,
33,38,59,69,104,
34,38,61,70,108,
35,38,54,62,92,
36,38,33,39,46,
37,38,38,48,58,
38,38,40,48,59,
39,38,40,32,45,
40,38,41,34,47,
41,38,41,32,46,
42,38,41,29,43,
43,38,41,29,43,
44,38,43,33,50,
45,38,57,62,95,
46,38,64,73,115,
47,38,64,69,108,
48,38,62,45,62,
49,38,65,43,55,
50,38,61,41,54,
51,38,57,39,52,
52,38,57,39,52,
53,38,56,37,50,
54,38,121,67,78,
55,38,81,50,62,
56,38,122,69,78,
57,38,104,79,73,
58,38,92,117,79,
59,38,162,164,90,
60,38,164,113,92,
61,38,113,78,73,
62,38,135,96,84,
63,38,90,123,80,
0,39,67,111,76,
1,39,99,80,70,
2,39,98,79,70,
3,39,66,99,74,
4,39,86,61,68,
5,39,141,77,85,
6,39,175,97,95,
7,39,138,76,84,
8,39,80,49,62,
9,39,117,66,77,
10,39,79,49,62,
11,39,86,52,64,
12,39,50,34,47,
13,39,61,41,54,
14,39,73,46,59,
15,39,53,36,49,
16,39,72,45,58,
17,39,49,37,54,
18,39,58,65,101,
19,39,57,62,95,
20,39,43,33,49,
21,39,41,29,42,
22,39,41,29,44,
23,39,46,38,58,
24,39,57,64,97,
25,39,43,55,70,
26,39,39,48,58,
27,39,35,39,49,
28,39,57,63,97,
29,39,60,69,107,
30,39,63,72,113,
31,39,61,71,109,
32,39,61,71,109,
33,39,64,73,115,
34,39,61,69,108,
35,39,39,44,59,
36,39,33,36,45,
37,39,42,36,51,
38,39,40,32,45,
39,39,41,34,47,
40,39,40,48,60,
41,39,40,48,59,
42,39,41,31,45,
43,39,41,29,43,
44,39,41,29,44,
45,39,46,38,59,
46,39,62,69,108,
47,39,64,70,109,
48,39,64,46,62,
49,39,75,48,60,
50,39,61,41,54,
51,39,48,33,47,
52,39,56,38,51,
53,39,56,36,50,
54,39,114,64,75,
55,39,81,50,62,
56,39,137,75,84,
57,39,131,72,83,
58,39,92,71,72,
59,39,83,111,82,
60,39,89,122,81,
61,39,161,166,85,
62,39,177,178,88,
63,39,168,190,90,
0,40,87,62,68,
1,40,129,72,82,
2,40,134,74,83,
3,40,92,63,69,
4,40,89,55,66,
5,40,142,77,85,
6,40,179,100,96,
7,40,138,76,84,
8,40,81,50,62,
9,40,125,69,80,
10,40,93,56,67,
11,40,116,65,76,
12,40,55,36,49,
13,40,58,39,53,
14,40,60,40,53,
15,40,49,33,47,
16,40,70,45,57,
17,40,48,36,49,
18,40,43,50,65,
19,40,43,52,67,
20,40,41,32,46,
21,40,41,28,42,
22,40,44,34,51,
23,40,57,62,95,
24,40,45,57,74,
25,40,40,53,64,
26,40,40,53,64,
27,40,44,55,72,
28,40,61,71,110,
29,40,64,73,116,
30,40,65,74,116,
31,40,68,77,119,
32,40,68,77,119,
33,40,64,73,115,
34,40,63,72,113,
35,40,60,68,106,
36,40,60,68,106,
37,40,58,64,98,
38,40,37,41,53,
39,40,39,48,59,
40,40,40,53,64,
41,40,40,51,62,
42,40,41,34,47,
43,40,41,29,43,
44,40,41,29,42,
45,40,43,33,50,
46,40,59,63,99,
47,40,63,66,101,
48,40,64,45,61,
49,40,75,48,60,
50,40,61,41,54,
51,40,45,32,45,
52,40,54,37,50,
53,40,49,33,47,
54,40,79,49,61,
55,40,80,50,61,
56,40,164,92,90,
57,40,147,79,88,
58,40,135,86,83,
59,40,150,157,86,
60,40,97,80,70,
61,40,96,70,67,
62,40,100,81,70,
63,40,83,120,78,
0,41,90,54,66,
1,41,141,77,85,
2,41,174,96,94,
3,41,136,75,83,
4,41,101,59,70,
5,41,142,78,86,
6,41,179,100,96,
7,41,138,76,84,
8,41,80,49,62,
9,41,117,66,77,
10,41,82,50,63,
11,41,116,65,76,
12,41,59,38,51,
13,41,58,39,53,
14,41,57,38,52,
15,41,45,31,45,
16,41,58,39,52,
17,41,57,39,52,
18,41,43,35,48,
19,41,40,48,59,
20,41,41,32,46,
21,41,41,28,42,
22,41,44,34,51,
23,41,56,64,96,
24,41,43,55,70,
25,41,40,53,63,
26,41,43,55,69,
27,41,59,69,104,
28,41,64,73,115,
29,41,64,73,115,
30,41,68,77,119,
31,41,95,103,145,
32,41,96,103,145,
33,41,72,81,123,
34,41,69,77,119,
35,41,68,77,120,
36,41,65,74,116,
37,41,64,73,115,
38,41,58,67,101,
39,41,42,55,69,
40,41,40,53,64,
41,41,40,53,64,
42,41,40,48,60,
43,41,41,32,45,
44,41,41,29,43,
45,41,41,30,44,
46,41,46,35,52,
47,41,60,43,59,
48,41,63,43,56,
49,41,64,42,55,
50,41,59,40,53,
51,41,44,31,44,
52,41,43,30,44,
53,41,50,34,47,
54,41,74,47,59,
55,41,80,50,61,
56,41,169,95,92,
57,41,143,78,86,
58,41,94,66,70,
59,41,87,112,78,
60,41,122,77,81,
61,41,96,55,68,
62,41,125,71,80,
63,41,87,62,68,
0,42,90,54,66,
1,42,141,77,85,
2,42,179,99,96,
3,42,148,81,88,
4,42,137,74,85,
5,42,147,80,88,
6,42,174,97,95,
7,42,138,76,84,
8,42,73,46,59,
9,42,80,50,62,
10,42,68,44,57,
11,42,85,52,64,
12,42,83,51,63,
13,42,62,41,54,
14,42,45,32,46,
15,42,42,34,47,
16,42,45,32,46,
17,42,57,38,52,
18,42,45,34,48,
19,42,40,45,56,
20,42,40,31,44,
21,42,40,28,42,
22,42,41,32,46,
23,42,42,50,64,
24,42,40,53,65,
25,42,40,53,64,
26,42,43,55,70,
27,42,61,71,109,
28,42,64,73,115,
29,42,64,73,115,
30,42,73,81,123,
31,42,100,107,149,
32,42,105,112,153,
33,42,105,112,153,
34,42,100,107,149,
35,42,95,103,145,
36,42,72,80,122,
37,42,65,74,116,
38,42,62,71,110,
39,42,45,57,75,
40,42,40,53,64,
41,42,40,53,64,
42,42,40,50,62,
43,42,41,32,46,
44,42,41,29,43,
45,42,41,29,43,
46,42,43,30,44,
47,42,61,40,53,
48,42,75,48,60,
49,42,62,41,54,
50,42,58,39,52,
51,42,43,30,44,
52,42,46,31,45,
53,42,79,49,61,
54,42,79,50,62,
55,42,79,50,60,
56,42,168,95,92,
57,42,142,78,86,
58,42,89,55,66,
59,42,92,63,69,
60,42,128,72,82,
61,42,102,60,70,
62,42,154,87,87,
63,42,96,57,68,
0,43,90,54,66,
1,43,141,77,85,
2,43,178,99,96,
3,43,148,80,88,
4,43,137,74,85,
5,43,143,77,87,
6,43,152,83,89,
7,43,136,74,84,
8,43,79,49,61,
9,43,63,42,55,
10,43,63,42,55,
11,43,86,53,65,
12,43,121,68,79,
13,43,66,48,59,
14,43,44,44,52,
15,43,50,77,69,
16,43,45,43,52,
17,43,56,38,52,
18,43,58,39,53,
19,43,50,41,58,
20,43,50,40,58,
21,43,53,43,58,
22,43,42,30,44,
23,43,40,34,47,
24,43,40,50,62,
25,43,40,53,64,
26,43,43,55,70,
27,43,61,71,109,
28,43,64,73,115,
29,43,68,77,119,
30,43,95,103,145,
31,43,104,111,153,
32,43,116,122,161,
33,43,146,150,182,
34,43,116,123,162,
35,43,104,111,153,
36,43,96,103,145,
37,43,68,77,119,
38,43,64,73,114,
39,43,59,69,105,
40,43,43,55,69,
41,43,40,53,63,
42,43,40,48,60,
43,43,41,32,45,
44,43,41,29,43,
45,43,41,29,43,
46,43,45,32,45,
47,43,63,42,55,
48,43,74,47,59,
49,43,50,34,48,
50,43,55,43,55,
51,43,43,36,48,
52,43,53,35,48,
53,43,119,66,77,
54,43,86,52,64,
55,43,79,50,60,
56,43,169,95,92,
57,43,142,78,86,
58,43,96,57,68,
59,43,134,74,83,
60,43,136,74,84,
61,43,105,61,72,
62,43,137,76,83,
63,43,92,56,67,
0,44,90,54,66,
1,44,141,77,85,
2,44,179,99,96,
3,44,143,78,86,
4,44,107,62,73,
5,44,142,78,86,
6,44,174,97,95,
7,44,148,80,88,
8,44,125,69,80,
9,44,69,45,57,
10,44,62,41,54,
11,44,85,52,64,
12,44,121,72,81,
13,44,68,79,81,
14,44,53,90,77,
15,44,79,140,70,
16,44,56,93,71,
17,44,47,45,53,
18,44,62,55,65,
19,44,86,92,123,
20,44,99,105,141,
21,44,131,132,158,
22,44,65,56,73,
23,44,41,32,46,
24,44,40,49,61,
25,44,40,53,64,
26,44,42,54,69,
27,44,59,69,104,
28,44,64,73,115,
29,44,69,78,120,
30,44,99,106,149,
31,44,111,117,158,
32,44,151,156,186,
33,44,163,167,194,
34,44,151,156,186,
35,44,111,117,158,
36,44,99,106,149,
37,44,69,78,120,
38,44,64,73,115,
39,44,59,69,105,
40,44,43,55,70,
41,44,40,50,61,
42,44,41,34,47,
43,44,41,29,43,
44,44,41,29,43,
45,44,43,30,44,
46,44,58,39,52,
47,44,73,46,58,
48,44,61,41,53,
49,44,46,46,52,
50,44,49,80,75,
51,44,46,76,75,
52,44,55,50,56,
53,44,119,67,77,
54,44,86,52,64,
55,44,78,50,60,
56,44,164,92,90,
57,44,141,77,85,
58,44,102,60,70,
59,44,167,93,92,
60,44,147,80,88,
61,44,137,75,84,
62,44,164,92,90,
63,44,96,58,68,
0,45,90,54,66,
1,45,141,77,85,
2,45,179,99,96,
3,45,147,80,88,
4,45,131,72,82,
5,45,146,79,87,
6,45,174,97,94,
7,45,149,80,88,
8,45,133,72,83,
9,45,71,46,58,
10,45,59,48,56,
11,45,66,44,56,
12,45,89,54,66,
13,45,110,74,82,
14,45,58,91,83,
15,45,63,126,77,
16,45,79,140,70,
17,45,52,92,77,
18,45,55,103,79,
19,45,56,91,93,
20,45,78,89,125,
21,45,143,147,178,
22,45,139,139,164,
23,45,66,60,76,
24,45,43,57,64,
25,45,41,55,64,
26,45,46,64,64,
27,45,45,58,74,
28,45,58,68,105,
29,45,67,77,119,
30,45,95,103,145,
31,45,109,117,157,
32,45,150,155,186,
33,45,162,167,194,
34,45,151,156,186,
35,45,110,117,158,
36,45,94,102,145,
37,45,68,76,119,
38,45,59,68,105,
39,45,44,56,74,
40,45,40,53,65,
41,45,41,53,63,
42,45,41,31,45,
43,45,41,29,43,
44,45,41,34,47,
45,45,46,33,47,
46,45,69,52,67,
47,45,66,49,66,
48,45,50,46,57,
49,45,56,100,76,
50,45,56,116,80,
51,45,50,94,82,
52,45,61,96,73,
53,45,85,60,66,
54,45,78,48,61,
55,45,74,47,59,
56,45,142,78,85,
57,45,137,75,84,
58,45,102,60,70,
59,45,166,93,91,
60,45,142,78,86,
61,45,114,66,75,
62,45,164,93,90,
63,45,97,59,68,
0,46,90,54,66,
1,46,141,77,85,
2,46,175,97,95,
3,46,141,77,85,
4,46,102,60,71,
5,46,137,75,84,
6,46,148,80,88,
7,46,149,80,88,
8,46,134,74,83,
9,46,72,64,63,
10,46,72,107,73,
11,46,62,60,60,
12,46,65,51,58,
13,46,79,55,66,
14,46,57,80,79,
15,46,58,91,83,
16,46,53,96,81,
17,46,49,94,82,
18,46,53,99,80,
19,46,49,87,85,
20,46,61,76,109,
21,46,84,92,131,
22,46,146,150,181,
23,46,135,144,163,
24,46,68,116,86,
25,46,50,81,66,
26,46,80,134,63,
27,46,50,75,66,
28,46,61,73,77,
29,46,73,74,107,
30,46,82,81,119,
31,46,111,108,143,
32,46,132,128,156,
33,46,155,150,175,
34,46,121,118,154,
35,46,107,106,142,
36,46,86,95,120,
37,46,63,78,107,
38,46,46,62,76,
39,46,46,66,64,
40,46,44,66,67,
41,46,47,79,74,
42,46,47,50,50,
43,46,44,44,51,
44,46,52,79,70,
45,46,79,71,84,
46,46,137,135,161,
47,46,108,111,147,
48,46,70,77,115,
49,46,63,84,107,
50,46,58,111,87,
51,46,53,89,81,
52,46,82,65,69,
53,46,80,51,62,
54,46,66,43,56,
55,46,83,51,62,
56,46,161,90,90,
57,46,140,77,85,
58,46,98,58,69,
59,46,144,79,86,
60,46,144,77,87,
61,46,143,78,86,
62,46,169,95,92,
63,46,97,59,68,
0,47,89,54,66,
1,47,130,72,82,
2,47,148,80,88,
3,47,140,77,85,
4,47,97,58,69,
5,47,135,73,84,
6,47,149,80,89,
7,47,174,96,94,
8,47,138,83,87,
9,47,91,116,79,
10,47,147,179,85,
11,47,87,134,79,
12,47,63,109,74,
13,47,77,68,62,
14,47,82,56,66,
15,47,111,72,80,
16,47,77,85,80,
17,47,80,128,86,
18,47,81,145,72,
19,47,53,99,81,
20,47,50,84,89,
21,47,66,84,112,
22,47,99,110,146,
23,47,104,122,140,
24,47,91,154,77,
25,47,65,126,74,
26,47,86,154,68,
27,47,89,139,78,
28,47,157,158,88,
29,47,139,89,90,
30,47,143,82,93,
31,47,187,117,106,
32,47,226,155,115,
33,47,194,123,110,
34,47,148,87,98,
35,47,144,93,95,
36,47,160,161,93,
37,47,85,131,86,
38,47,54,100,79,
39,47,76,134,69,
40,47,60,118,76,
41,47,65,128,76,
42,47,79,137,66,
43,47,57,98,76,
44,47,100,149,93,
45,47,146,155,168,
46,47,156,159,189,
47,47,140,146,178,
48,47,96,104,146,
49,47,66,76,118,
50,47,62,79,108,
51,47,68,84,87,
52,47,114,70,79,
53,47,82,51,63,
54,47,71,53,61,
55,47,126,71,81,
56,47,147,80,88,
57,47,136,74,84,
58,47,102,60,70,
59,47,166,93,91,
60,47,149,80,89,
61,47,149,80,89,
62,47,166,93,91,
63,47,96,58,68,
0,48,83,51,63,
1,48,94,56,68,
2,48,142,78,86,
3,48,166,93,91,
4,48,102,61,70,
5,48,134,73,83,
6,48,144,79,86,
7,48,178,99,95,
8,48,149,81,89,
9,48,134,95,85,
10,48,119,164,74,
11,48,145,182,86,
12,48,90,146,80,
13,48,147,165,80,
14,48,93,77,64,
15,48,103,51,61,
16,48,198,54,52,
17,48,210,144,115,
18,48,100,126,80,
19,48,58,113,79,
20,48,50,97,82,
21,48,57,109,84,
22,48,59,101,88,
23,48,60,103,87,
24,48,82,144,70,
25,48,57,107,80,
26,48,88,142,81,
27,48,162,170,89,
28,48,154,104,88,
29,48,153,84,89,
30,48,187,107,97,
31,48,241,159,109,
32,48,254,172,111,
33,48,236,154,107,
34,48,192,112,98,
35,48,154,85,89,
36,48,158,106,89,
37,48,161,167,89,
38,48,82,124,82,
39,48,68,111,82,
40,48,57,105,80,
41,48,81,146,70,
42,48,68,134,74,
43,48,64,107,93,
44,48,144,159,169,
45,48,152,157,186,
46,48,109,115,155,
47,48,80,85,126,
48,48,87,76,113,
49,48,85,84,119,
50,48,76,73,108,
51,48,112,71,84,
52,48,91,56,66,
53,48,79,69,62,
54,48,76,109,74,
55,48,135,83,86,
56,48,148,79,88,
57,48,136,74,84,
58,48,102,61,70,
59,48,169,95,92,
60,48,143,78,86,
61,48,144,77,87,
62,48,144,79,86,
63,48,92,56,67,
0,49,79,58,64,
1,49,88,54,66,
2,49,142,78,86,
3,49,171,96,93,
4,49,103,61,70,
5,49,128,70,81,
6,49,108,63,72,
7,49,167,93,92,
8,49,155,83,90,
9,49,164,102,93,
10,49,78,125,80,
11,49,82,144,77,
12,49,104,168,70,
13,49,115,174,71,
14,49,148,166,82,
15,49,106,71,64,
16,49,200,38,40,
17,49,232,60,51,
18,49,177,56,49,
19,49,67,93,77,
20,49,54,112,81,
21,49,59,111,78,
22,49,80,144,70,
23,49,62,121,78,
24,49,67,109,82,
25,49,75,101,84,
26,49,159,162,90,
27,49,154,104,88,
28,49,152,83,89,
29,49,180,100,96,
30,49,203,120,101,
31,49,249,168,111,
32,49,249,168,111,
33,49,217,135,104,
34,49,235,154,108,
35,49,198,117,100,
36,49,181,102,96,
37,49,156,95,90,
38,49,141,97,87,
39,49,157,163,89,
40,49,84,134,82,
41,49,62,113,78,
42,49,84,152,68,
43,49,73,127,91,
44,49,133,147,166,
45,49,106,116,150,
46,49,73,88,120,
47,49,99,80,109,
48,49,199,57,62,
49,49,210,132,119,
50,49,98,73,80,
51,49,94,67,68,
52,49,81,70,63,
53,49,143,163,81,
54,49,104,150,72,
55,49,141,89,86,
56,49,174,96,94,
57,49,135,75,83,
58,49,107,63,72,
59,49,165,94,90,
60,49,114,66,75,
61,49,142,78,86,
62,49,166,93,91,
63,49,96,58,68,
0,50,66,110,75,
1,50,98,77,70,
2,50,144,79,86,
3,50,167,93,92,
4,50,102,60,70,
5,50,127,70,81,
6,50,96,57,68,
7,50,133,74,83,
8,50,149,80,88,
9,50,165,98,94,
10,50,82,102,84,
11,50,94,153,72,
12,50,148,184,83,
13,50,77,136,79,
14,50,71,132,79,
15,50,66,108,75,
16,50,113,80,66,
17,50,195,131,90,
18,50,90,98,79,
19,50,60,116,78,
20,50,56,105,80,
21,50,84,149,69,
22,50,64,127,76,
23,50,66,110,83,
24,50,154,157,90,
25,50,140,93,87,
26,50,147,89,88,
27,50,153,84,89,
28,50,181,101,96,
29,50,202,120,101,
30,50,242,161,109,
31,50,254,173,112,
32,50,254,173,112,
33,50,249,168,111,
34,50,253,172,112,
35,50,235,153,108,
36,50,194,111,99,
37,50,179,99,96,
38,50,153,84,89,
39,50,154,104,88,
40,50,158,166,89,
41,50,75,133,79,
42,50,82,148,69,
43,50,57,104,82,
44,50,59,96,94,
45,50,59,102,88,
46,50,80,122,91,
47,50,210,138,119,
48,50,231,48,45,
49,50,195,56,52,
50,50,87,96,77,
51,50,145,168,84,
52,50,80,132,76,
53,50,73,130,80,
54,50,76,99,82,
55,50,143,85,89,
56,50,169,94,92,
57,50,106,62,72,
58,50,136,75,83,
59,50,175,98,94,
60,50,137,76,84,
61,50,147,80,88,
62,50,170,96,92,
63,50,97,59,68,
0,51,74,134,80,
1,51,155,168,85,
2,51,144,101,85,
3,51,131,83,84,
4,51,97,71,69,
5,51,121,77,81,
6,51,94,58,68,
7,51,95,56,68,
8,51,137,75,85,
9,51,152,82,89,
10,51,151,97,93,
11,51,71,101,86,
12,51,71,121,86,
13,51,60,103,91,
14,51,65,120,91,
15,51,56,104,81,
16,51,89,146,68,
17,51,81,131,81,
18,51,67,130,77,
19,51,79,143,71,
20,51,58,104,79,
21,51,82,143,70,
22,51,57,108,80,
23,51,80,122,82,
24,51,142,97,87,
25,51,150,81,88,
26,51,152,82,89,
27,51,179,99,96,
28,51,194,111,99,
29,51,235,153,108,
30,51,254,173,112,
31,51,255,174,112,
32,51,255,174,112,
33,51,255,175,112,
34,51,249,168,111,
35,51,210,128,103,
36,51,197,114,100,
37,51,190,107,98,
38,51,180,100,96,
39,51,153,84,89,
40,51,142,97,87,
41,51,83,127,81,
42,51,57,109,80,
43,51,59,118,78,
44,51,54,103,79,
45,51,77,140,71,
46,51,80,117,75,
47,51,199,67,54,
48,51,213,52,46,
49,51,87,79,72,
50,51,64,122,78,
51,51,99,165,70,
52,51,87,158,69,
53,51,69,119,79,
54,51,128,85,87,
55,51,174,97,95,
56,51,145,80,86,
57,51,96,57,69,
58,51,142,78,86,
59,51,172,97,93,
60,51,108,63,72,
61,51,142,78,86,
62,51,171,96,92,
63,51,97,59,68,
0,52,81,141,79,
1,52,102,165,70,
2,52,96,152,69,
3,52,74,127,76,
4,52,87,143,69,
5,52,89,113,79,
6,52,122,75,81,
7,52,95,56,68,
8,52,128,72,82,
9,52,136,82,86,
10,52,138,81,91,
11,52,83,79,107,
12,52,66,81,114,
13,52,95,108,142,
14,52,133,147,166,
15,52,77,113,103,
16,52,83,145,71,
17,52,60,113,77,
18,52,84,150,69,
19,52,60,110,78,
20,52,53,98,80,
21,52,55,104,80,
22,52,85,135,82,
23,52,161,166,89,
24,52,157,95,90,
25,52,179,99,96,
26,52,185,104,97,
27,52,195,113,99,
28,52,198,115,100,
29,52,210,128,103,
30,52,249,168,111,
31,52,255,174,112,
32,52,255,174,112,
33,52,255,174,112,
34,52,254,173,112,
35,52,248,167,111,
36,52,240,158,109,
37,52,196,113,99,
38,52,188,105,98,
39,52,179,99,96,
40,52,152,93,89,
41,52,159,165,89,
42,52,89,143,81,
43,52,82,151,70,
44,52,59,118,78,
45,52,53,100,81,
46,52,56,102,79,
47,52,94,112,77,
48,52,189,139,93,
49,52,75,107,83,
50,52,56,118,79,
51,52,60,126,78,
52,52,59,122,78,
53,52,60,94,82,
54,52,138,82,88,
55,52,180,99,96,
56,52,142,78,86,
57,52,102,59,71,
58,52,142,77,86,
59,52,166,93,91,
60,52,101,60,70,
61,52,141,77,85,
62,52,166,93,91,
63,52,96,58,68,
0,53,159,189,86,
1,53,90,147,80,
2,53,66,133,78,
3,53,72,135,80,
4,53,71,127,78,
5,53,119,93,85,
6,53,138,78,85,
7,53,91,55,66,
8,53,83,67,68,
9,53,82,100,77,
10,53,147,78,80,
11,53,164,88,93,
12,53,91,79,111,
13,53,91,90,126,
14,53,143,147,177,
15,53,133,145,166,
16,53,64,105,92,
17,53,59,118,78,
18,53,84,150,69,
19,53,65,129,76,
20,53,81,148,70,
21,53,89,142,81,
22,53,161,168,89,
23,53,158,106,89,
24,53,180,101,96,
25,53,190,106,98,
26,53,203,120,101,
27,53,241,160,109,
28,53,248,166,110,
29,53,248,166,110,
30,53,254,173,112,
31,53,255,174,112,
32,53,255,174,112,
33,53,255,174,112,
34,53,255,174,112,
35,53,255,175,112,
36,53,248,167,111,
37,53,204,122,101,
38,53,196,113,100,
39,53,185,104,97,
40,53,153,84,89,
41,53,154,103,88,
42,53,161,167,89,
43,53,86,131,80,
44,53,65,107,83,
45,53,55,100,81,
46,53,78,141,71,
47,53,61,113,79,
48,53,81,132,81,
49,53,87,150,70,
50,53,57,103,79,
51,53,68,88,79,
52,53,71,100,90,
53,53,71,87,85,
54,53,142,84,89,
55,53,174,96,94,
56,53,142,77,86,
57,53,137,74,85,
58,53,148,80,88,
59,53,140,77,85,
60,53,96,57,69,
61,53,131,71,82,
62,53,139,77,85,
63,53,89,62,68,
0,54,116,174,72,
1,54,144,179,86,
2,54,86,142,82,
3,54,146,181,86,
4,54,87,142,82,
5,54,84,119,82,
6,54,158,98,91,
7,54,89,69,71,
8,54,66,102,73,
9,54,107,65,62,
10,54,209,54,52,
11,54,221,48,46,
12,54,184,86,85,
13,54,160,96,100,
14,54,99,90,123,
15,54,95,109,139,
16,54,56,96,91,
17,54,53,100,80,
18,54,57,106,80,
19,54,73,131,80,
20,54,87,135,80,
21,54,161,167,89,
22,54,154,103,88,
23,54,153,84,89,
24,54,184,102,97,
25,54,195,112,99,
26,54,235,153,108,
27,54,253,172,112,
28,54,249,168,111,
29,54,254,173,112,
30,54,255,174,112,
31,54,255,174,112,
32,54,255,174,112,
33,54,255,174,112,
34,54,255,174,112,
35,54,255,174,112,
36,54,254,173,112,
37,54,247,166,110,
38,54,234,152,107,
39,54,194,111,99,
40,54,179,99,96,
41,54,153,84,89,
42,54,152,92,89,
43,54,141,96,87,
44,54,157,163,89,
45,54,86,138,82,
46,54,68,134,76,
47,54,85,152,68,
48,54,65,131,76,
49,54,87,154,68,
50,54,97,106,67,
51,54,195,59,53,
52,54,215,135,117,
53,54,153,95,95,
54,54,169,94,93,
55,54,144,80,87,
56,54,101,59,70,
57,54,141,77,86,
58,54,175,97,95,
59,54,141,77,85,
60,54,89,55,66,
61,54,91,63,69,
62,54,118,85,82,
63,54,76,117,77,
0,55,72,138,76,
1,55,87,143,81,
2,55,69,133,78,
3,55,109,168,72,
4,55,145,181,86,
5,55,86,132,83,
6,55,145,107,92,
7,55,75,90,83,
8,55,76,104,73,
9,55,199,58,51,
10,55,244,122,104,
11,55,233,48,44,
12,55,220,58,55,
13,55,148,82,84,
14,55,114,80,90,
15,55,61,90,90,
16,55,59,117,80,
17,55,81,147,70,
18,55,89,142,81,
19,55,158,166,89,
20,55,141,96,87,
21,55,147,90,88,
22,55,153,84,89,
23,55,179,100,96,
24,55,189,107,98,
25,55,197,114,100,
26,55,211,129,103,
27,55,243,161,109,
28,55,217,135,104,
29,55,249,167,111,
30,55,255,174,112,
31,55,255,174,112,
32,55,255,174,112,
33,55,255,174,112,
34,55,255,174,112,
35,55,255,174,112,
36,55,255,174,112,
37,55,250,168,111,
38,55,211,128,103,
39,55,198,115,100,
40,55,196,113,99,
41,55,185,104,97,
42,55,179,99,96,
43,55,154,84,89,
44,55,159,106,89,
45,55,162,169,89,
46,55,91,146,80,
47,55,85,149,69,
48,55,55,106,80,
49,55,80,120,72,
50,55,180,63,45,
51,55,230,49,41,
52,55,225,63,58,
53,55,181,92,90,
54,55,152,81,88,
55,55,146,72,80,
56,55,114,71,78,
57,55,147,82,88,
58,55,175,96,95,
59,55,141,76,85,
60,55,86,61,67,
61,55,66,109,76,
62,55,84,133,79,
63,55,89,156,69,
0,56,101,165,70,
1,56,147,184,84,
2,56,77,139,78,
3,56,63,131,77,
4,56,75,139,79,
5,56,64,127,80,
6,56,89,114,83,
7,56,119,88,87,
8,56,78,84,77,
9,56,194,51,44,
10,56,235,62,51,
11,56,236,65,54,
12,56,211,146,117,
13,56,91,126,86,
14,56,59,91,82,
15,56,53,95,81,
16,56,53,102,81,
17,56,89,143,81,
18,56,162,170,89,
19,56,154,103,88,
20,56,149,81,88,
21,56,152,82,89,
22,56,181,101,96,
23,56,195,112,99,
24,56,196,113,100,
25,56,233,152,107,
26,56,247,166,110,
27,56,253,172,112,
28,56,249,167,111,
29,56,254,173,112,
30,56,255,174,112,
31,56,255,174,112,
32,56,255,174,112,
33,56,255,174,112,
34,56,255,174,112,
35,56,255,174,112,
36,56,255,174,112,
37,56,253,172,112,
38,56,241,160,109,
39,56,245,164,110,
40,56,234,152,107,
41,56,195,112,99,
42,56,188,105,98,
43,56,184,102,97,
44,56,180,100,96,
45,56,163,109,90,
46,56,159,165,89,
47,56,67,109,82,
48,56,52,98,80,
49,56,87,149,68,
50,56,110,119,76,
51,56,216,134,95,
52,56,190,97,89,
53,56,147,81,88,
54,56,162,83,88,
55,56,214,57,56,
56,56,225,135,117,
57,56,187,110,101,
58,56,157,96,90,
59,56,129,81,84,
60,56,84,71,69,
61,56,89,135,80,
62,56,146,182,86,
63,56,79,141,78,
0,57,69,133,76,
1,57,100,165,69,
2,57,90,159,70,
3,57,86,139,84,
4,57,102,142,66,
5,57,88,113,72,
6,57,125,85,83,
7,57,158,95,93,
8,57,75,91,84,
9,57,94,114,77,
10,57,211,142,95,
11,57,213,149,97,
12,57,105,144,87,
13,57,82,149,71,
14,57,58,109,78,
15,57,82,147,69,
16,57,76,134,79,
17,57,159,166,89,
18,57,158,106,89,
19,57,153,84,89,
20,57,179,100,96,
21,57,184,103,97,
22,57,195,112,99,
23,57,227,145,106,
24,57,197,114,100,
25,57,209,127,102,
26,57,250,168,111,
27,57,255,175,112,
28,57,255,174,112,
29,57,255,174,112,
30,57,255,174,112,
31,57,255,174,112,
32,57,255,174,112,
33,57,255,174,112,
34,57,255,174,112,
35,57,255,174,112,
36,57,255,174,112,
37,57,249,167,111,
38,57,218,136,104,
39,57,243,162,109,
40,57,211,129,103,
41,57,197,114,100,
42,57,191,108,98,
43,57,196,113,99,
44,57,190,107,98,
45,57,180,101,96,
46,57,146,99,88,
47,57,80,121,82,
48,57,56,104,80,
49,57,94,141,68,
50,57,126,102,81,
51,57,146,86,87,
52,57,137,74,83,
53,57,127,68,74,
54,57,222,130,114,
55,57,233,49,45,
56,57,224,60,56,
57,57,190,109,91,
58,57,168,173,89,
59,57,85,132,79,
60,57,75,125,79,
61,57,147,180,85,
62,57,108,168,73,
63,57,64,130,78,
0,58,50,96,82,
1,58,62,120,77,
2,58,100,127,80,
3,58,210,146,115,
4,58,217,60,46,
5,58,198,45,40,
6,58,126,69,74,
7,58,135,76,85,
8,58,119,82,83,
9,58,71,120,79,
10,58,71,106,86,
11,58,82,128,82,
12,58,88,156,68,
13,58,65,130,76,
14,58,61,123,78,
15,58,86,156,68,
16,58,87,135,79,
17,58,145,100,88,
18,58,180,100,96,
19,58,184,103,97,
20,58,188,105,98,
21,58,189,106,98,
22,58,191,108,98,
23,58,202,119,101,
24,58,204,121,101,
25,58,242,160,109,
26,58,254,173,112,
27,58,255,174,112,
28,58,255,174,112,
29,58,255,174,112,
30,58,255,174,112,
31,58,255,174,112,
32,58,255,174,112,
33,58,255,174,112,
34,58,255,174,112,
35,58,255,174,112,
36,58,255,174,112,
37,58,254,173,112,
38,58,249,167,111,
39,58,253,172,112,
40,58,247,166,110,
41,58,233,151,107,
42,58,201,118,101,
43,58,226,144,106,
44,58,195,112,99,
45,58,184,102,97,
46,58,157,96,90,
47,58,160,166,89,
48,58,88,132,80,
49,58,82,91,67,
50,58,100,137,66,
51,58,87,74,68,
52,58,98,57,64,
53,58,188,53,44,
54,58,232,62,51,
55,58,223,50,47,
56,58,192,85,83,
57,58,149,93,86,
58,58,109,159,71,
59,58,89,159,69,
60,58,78,139,79,
61,58,77,137,81,
62,58,78,139,79,
63,58,66,132,77,
0,59,47,92,83,
1,59,64,86,78,
2,59,176,53,48,
3,59,231,49,45,
4,59,234,45,43,
5,59,233,47,44,
6,59,217,128,112,
7,59,120,65,72,
8,59,89,73,66,
9,59,84,141,69,
10,59,55,104,79,
11,59,53,101,80,
12,59,83,147,69,
13,59,54,101,80,
14,59,52,100,82,
15,59,89,143,81,
16,59,161,168,89,
17,59,157,96,90,
18,59,184,102,97,
19,59,191,108,98,
20,59,195,113,99,
21,59,191,108,98,
22,59,202,120,101,
23,59,241,159,109,
24,59,249,168,111,
25,59,255,173,112,
26,59,255,174,112,
27,59,255,174,112,
28,59,255,174,112,
29,59,255,174,112,
30,59,255,174,112,
31,59,255,174,112,
32,59,255,174,112,
33,59,255,174,112,
34,59,255,174,112,
35,59,255,174,112,
36,59,255,174,112,
37,59,255,174,112,
38,59,255,174,112,
39,59,255,175,112,
40,59,250,168,111,
41,59,211,128,103,
42,59,199,116,100,
43,59,204,121,101,
44,59,198,115,100,
45,59,189,107,98,
46,59,181,102,96,
47,59,163,109,90,
48,59,162,168,89,
49,59,93,140,78,
50,59,86,154,68,
51,59,61,113,76,
52,59,58,94,77,
53,59,124,145,66,
54,59,223,143,93,
55,59,202,106,93,
56,59,185,112,96,
57,59,131,93,86,
58,59,71,125,77,
59,59,81,144,77,
60,59,145,181,85,
61,59,87,142,81,
62,59,146,183,84,
63,59,102,166,70,
0,60,56,117,80,
1,60,51,94,82,
2,60,84,74,71,
3,60,197,58,54,
4,60,247,140,115,
5,60,235,65,55,
6,60,214,57,48,
7,60,178,54,46,
8,60,76,105,73,
9,60,66,134,76,
10,60,84,149,69,
11,60,57,106,79,
12,60,63,125,77,
13,60,53,101,81,
14,60,84,133,83,
15,60,161,168,89,
16,60,158,106,89,
17,60,180,101,96,
18,60,188,105,98,
19,60,195,113,99,
20,60,227,145,106,
21,60,201,118,101,
22,60,234,153,108,
23,60,253,172,112,
24,60,249,168,111,
25,60,254,173,112,
26,60,255,174,112,
27,60,255,174,112,
28,60,255,174,112,
29,60,255,174,112,
30,60,255,174,112,
31,60,255,174,112,
32,60,255,174,112,
33,60,255,174,112,
34,60,255,174,112,
35,60,255,174,112,
36,60,255,174,112,
37,60,255,174,112,
38,60,255,174,112,
39,60,255,174,112,
40,60,253,172,112,
41,60,241,160,109,
42,60,245,163,110,
43,60,240,158,109,
44,60,233,151,107,
45,60,195,112,99,
46,60,188,105,98,
47,60,180,100,96,
48,60,158,106,89,
49,60,161,170,89,
50,60,91,144,81,
51,60,65,109,83,
52,60,55,102,81,
53,60,98,147,72,
54,60,179,118,94,
55,60,182,122,95,
56,60,170,164,89,
57,60,80,123,82,
58,60,61,123,78,
59,60,87,153,69,
60,60,99,164,70,
61,60,71,137,76,
62,60,96,160,71,
63,60,69,133,76,
0,61,58,120,79,
1,61,55,113,80,
2,61,49,90,82,
3,61,90,100,80,
4,61,215,161,108,
5,61,216,153,96,
6,61,98,115,75,
7,61,79,114,72,
8,61,53,98,81,
9,61,60,121,78,
10,61,84,151,69,
11,61,65,130,76,
12,61,82,151,70,
13,61,89,143,81,
14,61,161,168,89,
15,61,154,103,88,
16,61,153,84,89,
17,61,184,103,97,
18,61,189,106,98,
19,61,190,107,98,
20,61,196,113,99,
21,61,198,115,100,
22,61,211,128,103,
23,61,243,161,109,
24,61,217,135,104,
25,61,249,167,111,
26,61,255,174,112,
27,61,255,174,112,
28,61,255,174,112,
29,61,255,174,112,
30,61,255,174,112,
31,61,255,174,112,
32,61,255,174,112,
33,61,255,174,112,
34,61,255,174,112,
35,61,255,174,112,
36,61,255,174,112,
37,61,255,174,112,
38,61,255,174,112,
39,61,255,174,112,
40,61,249,167,111,
41,61,218,136,104,
42,61,243,162,109,
43,61,212,130,103,
44,61,203,120,101,
45,61,191,108,98,
46,61,189,106,98,
47,61,184,103,97,
48,61,153,84,89,
49,61,153,103,88,
50,61,175,176,91,
51,61,166,188,90,
52,61,73,129,81,
53,61,78,109,82,
54,61,127,99,84,
55,61,112,144,70,
56,61,91,94,70,
57,61,58,97,79,
58,61,49,93,82,
59,61,54,100,80,
60,61,60,121,78,
61,61,59,122,79,
62,61,59,121,78,
63,61,50,96,82,
0,62,48,92,83,
1,62,48,91,83,
2,62,54,100,80,
3,62,85,149,70,
4,62,88,139,79,
5,62,100,149,75,
6,62,61,110,79,
7,62,82,148,70,
8,62,55,102,80,
9,62,54,100,80,
10,62,58,106,80,
11,62,73,130,80,
12,62,88,134,80,
13,62,161,167,89,
14,62,154,103,88,
15,62,153,83,89,
16,62,180,100,96,
17,62,189,106,98,
18,62,190,107,98,
19,62,196,113,99,
20,62,203,120,101,
21,62,241,160,109,
22,62,248,167,111,
23,62,253,172,112,
24,62,249,168,111,
25,62,254,173,112,
26,62,255,174,112,
27,62,255,174,112,
28,62,255,174,112,
29,62,255,174,112,
30,62,255,174,112,
31,62,255,174,112,
32,62,255,174,112,
33,62,255,174,112,
34,62,255,174,112,
35,62,255,174,112,
36,62,255,174,112,
37,62,255,174,112,
38,62,255,174,112,
39,62,255,174,112,
40,62,254,173,112,
41,62,249,168,111,
42,62,253,172,112,
43,62,248,167,111,
44,62,241,159,109,
45,62,203,121,101,
46,62,196,113,99,
47,62,190,107,98,
48,62,180,100,96,
49,62,153,83,89,
50,62,156,105,88,
51,62,174,176,90,
52,62,103,151,83,
53,62,140,170,88,
54,62,83,130,80,
55,62,85,152,68,
56,62,68,124,74,
57,62,83,146,69,
58,62,54,100,80,
59,62,48,91,83,
60,62,49,95,82,
61,62,49,92,82,
62,62,48,91,83,
63,62,47,87,83,
0,63,47,86,83,
1,63,48,90,83,
2,63,61,122,78,
3,63,89,160,67,
4,63,62,128,77,
5,63,52,99,80,
6,63,54,98,80,
7,63,88,155,67,
8,63,67,132,76,
9,63,82,149,69,
10,63,77,135,79,
11,63,159,176,89,
12,63,141,100,87,
13,63,148,91,87,
14,63,149,81,88,
15,63,179,99,96,
16,63,189,106,98,
17,63,189,106,98,
18,63,196,113,99,
19,63,239,158,109,
20,63,248,166,110,
21,63,254,173,112,
22,63,255,175,112,
23,63,255,174,112,
24,63,255,174,112,
25,63,255,174,112,
26,63,255,174,112,
27,63,255,174,112,
28,63,255,174,112,
29,63,255,174,112,
30,63,255,174,112,
31,63,255,174,112,
32,63,255,174,112,
33,63,255,174,112,
34,63,255,174,112,
35,63,255,174,112,
36,63,255,174,112,
37,63,255,174,112,
38,63,255,174,112,
39,63,255,174,112,
40,63,255,174,112,
41,63,255,174,112,
42,63,255,174,112,
43,63,255,175,112,
44,63,254,173,112,
45,63,248,166,110,
46,63,239,158,109,
47,63,196,113,99,
48,63,188,105,98,
49,63,179,99,96,
50,63,148,80,88,
51,63,154,106,88,
52,63,165,181,89,
53,63,88,141,82,
54,63,53,103,81,
55,63,60,121,78,
56,63,57,108,79,
57,63,88,156,67,
58,63,63,127,77,
59,63,57,120,80,
60,63,56,116,80,
61,63,48,91,83,
62,63,47,86,83,
63,63,47,87,83,
