0,0,239,240,245,
1,0,237,239,243,
2,0,239,242,246,
3,0,240,244,247,
4,0,241,243,248,
5,0,239,241,245,
6,0,238,241,245,
7,0,237,240,244,
8,0,239,240,243,
9,0,242,243,245,
10,0,237,240,242,
11,0,236,240,242,
12,0,239,240,243,
13,0,240,240,244,
14,0,239,241,245,
15,0,236,240,244,
16,0,236,240,244,
17,0,238,242,245,
18,0,242,246,250,
19,0,238,241,245,
20,0,234,238,241,
21,0,235,239,242,
22,0,235,239,243,
23,0,234,237,241,
24,0,234,238,241,
25,0,235,239,242,
26,0,236,239,243,
27,0,234,237,241,
28,0,239,243,246,
29,0,235,239,242,
30,0,235,239,242,
31,0,235,239,242,
32,0,238,242,245,
33,0,232,236,239,
34,0,232,236,239,
35,0,235,239,242,
36,0,232,236,239,
37,0,232,236,239,
38,0,231,237,240,
39,0,231,237,240,
40,0,230,234,237,
41,0,229,233,236,
42,0,227,233,236,
43,0,229,235,238,
44,0,228,234,237,
45,0,225,231,234,
46,0,235,239,242,
47,0,226,232,235,
48,0,223,229,232,
49,0,220,226,229,
50,0,227,231,234,
51,0,227,232,235,
52,0,225,231,234,
53,0,222,228,231,
54,0,223,229,233,
55,0,226,231,234,
56,0,222,227,230,
57,0,224,228,231,
58,0,223,227,231,
59,0,223,226,231,
60,0,227,230,235,
61,0,220,223,228,
62,0,219,222,227,
63,0,218,221,226,
0,1,238,242,244,
1,1,240,244,247,
2,1,239,243,247,
3,1,237,241,244,
4,1,242,244,247,
5,1,239,242,244,
6,1,238,243,243,
7,1,237,241,243,
8,1,238,241,243,
9,1,239,243,244,
10,1,235,239,240,
11,1,237,240,241,
12,1,237,241,242,
13,1,239,243,244,
14,1,239,243,244,
15,1,237,241,242,
16,1,239,243,246,
17,1,237,241,244,
18,1,240,244,247,
19,1,235,239,242,
20,1,235,239,242,
21,1,235,239,242,
22,1,235,239,241,
23,1,235,239,240,
24,1,235,239,242,
25,1,235,239,242,
26,1,236,241,243,
27,1,236,240,243,
28,1,232,236,239,
29,1,236,240,243,
30,1,236,240,243,
31,1,235,239,242,
32,1,241,245,248,
33,1,233,237,240,
34,1,229,234,237,
35,1,233,238,241,
36,1,234,238,241,
37,1,230,234,237,
38,1,230,236,239,
39,1,231,237,240,
40,1,227,231,234,
41,1,231,235,238,
42,1,227,233,236,
43,1,228,234,237,
44,1,229,234,237,
45,1,227,233,236,
46,1,234,238,241,
47,1,225,231,234,
48,1,223,229,232,
49,1,223,229,232,
50,1,227,231,234,
51,1,228,232,235,
52,1,222,228,231,
53,1,225,231,234,
54,1,223,229,232,
55,1,224,230,233,
56,1,223,228,231,
57,1,222,226,228,
58,1,224,227,232,
59,1,222,225,230,
60,1,227,230,235,
61,1,221,224,229,
62,1,219,222,227,
63,1,218,221,226,
0,2,242,244,248,
1,2,238,242,246,
2,2,236,240,244,
3,2,240,244,248,
4,2,241,243,246,
5,2,240,243,246,
6,2,237,240,244,
7,2,238,240,244,
8,2,243,244,247,
9,2,242,244,247,
10,2,242,245,249,
11,2,238,241,245,
12,2,238,240,245,
13,2,242,243,248,
14,2,242,244,249,
15,2,237,240,245,
16,2,234,237,241,
17,2,239,243,246,
18,2,240,244,247,
19,2,238,242,245,
20,2,236,240,243,
21,2,234,237,241,
22,2,239,242,246,
23,2,239,243,247,
24,2,236,240,244,
25,2,235,238,242,
26,2,236,240,243,
27,2,238,241,244,
28,2,240,244,247,
29,2,233,237,240,
30,2,237,240,244,
31,2,238,242,245,
32,2,236,240,243,
33,2,236,240,243,
34,2,232,237,240,
35,2,233,239,242,
36,2,237,241,244,
37,2,237,241,244,
38,2,231,236,239,
39,2,230,235,238,
40,2,232,237,239,
41,2,234,239,242,
42,2,236,242,245,
43,2,227,233,236,
44,2,228,233,236,
45,2,230,236,239,
46,2,231,235,238,
47,2,229,234,237,
48,2,225,230,233,
49,2,227,232,235,
50,2,233,238,241,
51,2,234,239,241,
52,2,225,230,234,
53,2,223,229,232,
54,2,225,230,233,
55,2,228,234,237,
56,2,230,234,237,
57,2,223,227,230,
58,2,224,228,232,
59,2,228,231,236,
60,2,227,230,235,
61,2,222,225,230,
62,2,219,222,227,
63,2,220,223,228,
0,3,236,241,243,
1,3,239,243,245,
2,3,241,245,247,
3,3,238,242,243,
4,3,238,242,242,
5,3,238,242,243,
6,3,239,242,243,
7,3,240,243,244,
8,3,238,242,243,
9,3,237,241,243,
10,3,239,242,244,
11,3,241,244,246,
12,3,239,243,245,
13,3,236,240,242,
14,3,236,240,241,
15,3,239,243,245,
16,3,237,241,244,
17,3,236,240,243,
18,3,236,240,242,
19,3,236,240,241,
20,3,236,241,243,
21,3,238,242,244,
22,3,234,238,241,
23,3,235,239,242,
24,3,234,239,241,
25,3,237,241,243,
26,3,237,241,244,
27,3,235,239,242,
28,3,236,240,242,
29,3,236,240,242,
30,3,237,241,244,
31,3,233,237,240,
32,3,232,236,239,
33,3,236,240,243,
34,3,235,239,242,
35,3,236,240,243,
36,3,230,234,237,
37,3,232,236,239,
38,3,230,234,237,
39,3,237,241,244,
40,3,228,234,237,
41,3,229,235,238,
42,3,227,233,236,
43,3,226,232,235,
44,3,234,238,240,
45,3,230,234,237,
46,3,226,230,233,
47,3,228,232,235,
48,3,232,236,239,
49,3,230,235,238,
50,3,224,229,232,
51,3,224,230,233,
52,3,228,234,237,
53,3,227,233,236,
54,3,227,231,234,
55,3,224,228,231,
56,3,223,227,230,
57,3,227,231,234,
58,3,226,229,234,
59,3,223,226,231,
60,3,221,224,229,
61,3,221,225,229,
62,3,226,229,234,
63,3,225,228,233,
0,4,239,243,246,
1,4,237,241,245,
2,4,239,243,246,
3,4,238,241,245,
4,4,238,241,244,
5,4,235,239,240,
6,4,239,241,243,
7,4,241,243,244,
8,4,239,242,245,
9,4,237,241,245,
10,4,237,240,244,
11,4,242,243,247,
12,4,237,240,244,
13,4,236,239,243,
14,4,236,240,244,
15,4,236,239,243,
16,4,239,243,246,
17,4,236,240,243,
18,4,232,236,239,
19,4,237,241,244,
20,4,235,239,242,
21,4,235,239,242,
22,4,235,239,242,
23,4,235,239,242,
24,4,237,241,245,
25,4,238,242,246,
26,4,234,238,241,
27,4,235,239,242,
28,4,234,237,241,
29,4,234,238,242,
30,4,235,238,240,
31,4,233,237,240,
32,4,233,237,240,
33,4,233,237,240,
34,4,235,239,242,
35,4,233,237,240,
36,4,232,236,239,
37,4,230,234,237,
38,4,231,235,238,
39,4,238,242,245,
40,4,229,235,238,
41,4,228,234,237,
42,4,228,234,237,
43,4,229,235,238,
44,4,229,233,236,
45,4,228,233,236,
46,4,229,233,236,
47,4,227,231,234,
48,4,227,231,234,
49,4,225,229,232,
50,4,223,229,232,
51,4,223,229,232,
52,4,223,229,232,
53,4,230,235,238,
54,4,221,226,229,
55,4,224,228,231,
56,4,223,227,230,
57,4,225,229,232,
58,4,222,226,230,
59,4,221,224,229,
60,4,220,223,227,
61,4,218,221,227,
62,4,226,229,234,
63,4,217,220,225,
0,5,236,240,243,
1,5,238,242,244,
2,5,238,242,244,
3,5,240,244,247,
4,5,238,243,244,
5,5,238,242,243,
6,5,238,242,244,
7,5,238,242,245,
8,5,235,239,241,
9,5,238,242,245,
10,5,236,240,243,
11,5,244,245,249,
12,5,236,240,243,
13,5,234,238,241,
14,5,235,239,241,
15,5,237,241,243,
16,5,237,241,244,
17,5,234,238,241,
18,5,239,243,246,
19,5,235,239,242,
20,5,237,241,242,
21,5,236,240,243,
22,5,234,238,241,
23,5,236,240,243,
24,5,236,240,243,
25,5,238,242,245,
26,5,235,239,242,
27,5,233,237,240,
28,5,233,237,240,
29,5,234,238,241,
30,5,235,239,242,
31,5,232,236,239,
32,5,231,237,240,
33,5,231,237,240,
34,5,232,236,239,
35,5,233,237,240,
36,5,229,233,236,
37,5,232,236,239,
38,5,229,233,236,
39,5,237,241,244,
40,5,228,232,235,
41,5,230,234,237,
42,5,229,233,236,
43,5,227,231,234,
44,5,228,234,237,
45,5,226,232,235,
46,5,226,232,235,
47,5,223,229,232,
48,5,227,231,234,
49,5,225,229,232,
50,5,223,229,232,
51,5,221,227,230,
52,5,223,228,231,
53,5,230,233,237,
54,5,221,227,230,
55,5,222,228,232,
56,5,223,228,232,
57,5,224,227,230,
58,5,223,225,230,
59,5,221,224,229,
60,5,219,221,226,
61,5,219,221,226,
62,5,224,228,231,
63,5,219,223,227,
0,6,238,242,245,
1,6,237,240,243,
2,6,239,243,245,
3,6,236,240,243,
4,6,235,239,241,
5,6,237,241,242,
6,6,238,242,245,
7,6,237,241,243,
8,6,238,243,245,
9,6,236,240,243,
10,6,238,242,244,
11,6,241,242,246,
12,6,236,240,243,
13,6,238,242,245,
14,6,237,240,243,
15,6,239,243,245,
16,6,237,241,244,
17,6,237,241,244,
18,6,233,237,240,
19,6,237,241,244,
20,6,237,241,242,
21,6,236,239,242,
22,6,237,241,244,
23,6,235,239,242,
24,6,231,235,237,
25,6,237,241,244,
26,6,237,241,244,
27,6,235,239,242,
28,6,236,240,242,
29,6,233,237,240,
30,6,233,237,240,
31,6,235,239,242,
32,6,231,237,240,
33,6,230,236,239,
34,6,233,236,240,
35,6,231,235,239,
36,6,233,237,240,
37,6,232,236,239,
38,6,231,235,238,
39,6,239,243,246,
40,6,229,232,234,
41,6,230,234,237,
42,6,230,234,237,
43,6,228,232,235,
44,6,227,233,236,
45,6,227,233,236,
46,6,227,232,235,
47,6,222,227,230,
48,6,228,233,236,
49,6,229,233,236,
50,6,222,228,231,
51,6,221,227,230,
52,6,222,228,231,
53,6,231,233,237,
54,6,224,230,234,
55,6,220,226,230,
56,6,221,226,230,
57,6,227,229,233,
58,6,220,223,227,
59,6,222,225,230,
60,6,222,225,230,
61,6,222,225,230,
62,6,225,229,232,
63,6,219,222,226,
0,7,238,242,244,
1,7,239,243,245,
2,7,240,243,245,
3,7,239,243,245,
4,7,236,239,242,
5,7,240,243,246,
6,7,239,242,246,
7,7,237,240,244,
8,7,237,241,243,
9,7,237,241,244,
10,7,240,244,247,
11,7,238,241,244,
12,7,240,243,246,
13,7,238,240,243,
14,7,237,240,243,
15,7,237,241,244,
16,7,238,242,245,
17,7,239,243,246,
18,7,233,237,240,
19,7,239,243,246,
20,7,239,243,246,
21,7,238,242,245,
22,7,237,241,244,
23,7,236,240,243,
24,7,238,241,245,
25,7,236,240,243,
26,7,238,241,243,
27,7,236,240,242,
28,7,234,239,243,
29,7,234,238,241,
30,7,237,240,244,
31,7,239,243,246,
32,7,233,238,241,
33,7,238,243,246,
34,7,233,238,241,
35,7,232,238,241,
36,7,235,239,242,
37,7,232,236,239,
38,7,233,238,241,
39,7,228,233,236,
40,7,233,239,242,
41,7,227,232,235,
42,7,230,234,237,
43,7,230,234,237,
44,7,233,238,241,
45,7,231,236,239,
46,7,226,230,233,
47,7,231,235,238,
48,7,231,235,238,
49,7,232,236,239,
50,7,227,232,235,
51,7,221,226,229,
52,7,226,231,234,
53,7,227,230,233,
54,7,229,234,237,
55,7,222,226,229,
56,7,226,229,234,
57,7,226,229,233,
58,7,226,230,235,
59,7,226,229,234,
60,7,219,222,227,
61,7,226,229,234,
62,7,224,227,232,
63,7,224,227,232,
0,8,239,243,245,
1,8,237,241,242,
2,8,237,241,242,
3,8,237,241,242,
4,8,239,242,244,
5,8,235,238,240,
6,8,237,240,242,
7,8,238,242,243,
8,8,239,243,244,
9,8,241,245,247,
10,8,236,240,243,
11,8,238,242,245,
12,8,238,240,243,
13,8,241,242,245,
14,8,238,241,243,
15,8,235,238,240,
16,8,235,239,242,
17,8,234,238,241,
18,8,239,243,245,
19,8,235,239,241,
20,8,234,238,240,
21,8,235,239,240,
22,8,236,240,242,
23,8,239,243,245,
24,8,234,238,241,
25,8,234,238,241,
26,8,231,236,240,
27,8,238,242,243,
28,8,235,239,242,
29,8,232,236,239,
30,8,232,236,238,
31,8,234,238,239,
32,8,238,242,245,
33,8,231,235,238,
34,8,231,237,240,
35,8,228,234,237,
36,8,230,234,237,
37,8,234,239,242,
38,8,230,236,239,
39,8,226,232,235,
40,8,229,235,238,
41,8,234,240,243,
42,8,230,234,237,
43,8,229,233,236,
44,8,227,231,234,
45,8,225,229,232,
46,8,233,237,240,
47,8,226,230,233,
48,8,229,233,236,
49,8,226,230,233,
50,8,226,230,233,
51,8,229,233,236,
52,8,222,226,229,
53,8,222,226,229,
54,8,225,229,232,
55,8,234,238,241,
56,8,225,228,233,
57,8,221,224,229,
58,8,219,222,227,
59,8,222,225,230,
60,8,226,230,237,
61,8,219,222,227,
62,8,220,223,228,
63,8,218,221,226,
0,9,236,239,242,
1,9,235,239,240,
2,9,234,239,240,
3,9,238,242,244,
4,9,241,243,247,
5,9,235,237,242,
6,9,238,241,246,
7,9,236,239,244,
8,9,239,242,247,
9,9,238,242,243,
10,9,237,241,244,
11,9,235,239,242,
12,9,237,240,243,
13,9,236,237,242,
14,9,236,241,244,
15,9,237,241,245,
16,9,236,239,240,
17,9,239,240,241,
18,9,246,239,241,
19,9,239,230,234,
20,9,240,228,232,
21,9,239,227,231,
22,9,232,224,228,
23,9,238,226,230,
24,9,239,228,232,
25,9,235,225,228,
26,9,236,224,224,
27,9,236,224,227,
28,9,234,220,223,
29,9,239,226,228,
30,9,236,221,226,
31,9,235,225,227,
32,9,237,240,244,
33,9,231,228,229,
34,9,238,227,230,
35,9,230,222,224,
36,9,238,226,229,
37,9,236,223,224,
38,9,234,225,227,
39,9,235,224,227,
40,9,235,226,226,
41,9,228,219,220,
42,9,231,219,222,
43,9,229,216,219,
44,9,233,220,223,
45,9,232,218,222,
46,9,240,229,233,
47,9,228,230,232,
48,9,225,227,231,
49,9,224,227,231,
50,9,224,229,233,
51,9,227,230,233,
52,9,225,229,232,
53,9,221,225,228,
54,9,222,226,229,
55,9,227,231,234,
56,9,222,225,229,
57,9,220,223,228,
58,9,218,222,227,
59,9,221,224,229,
60,9,224,227,232,
61,9,219,222,227,
62,9,221,224,229,
63,9,220,223,228,
0,10,238,242,243,
1,10,238,242,243,
2,10,235,238,240,
3,10,234,238,240,
4,10,239,243,244,
5,10,235,239,240,
6,10,236,239,241,
7,10,236,240,241,
8,10,232,236,237,
9,10,238,242,243,
10,10,236,240,242,
11,10,233,237,240,
12,10,234,235,240,
13,10,231,239,241,
14,10,239,242,243,
15,10,253,241,240,
16,10,224,78,77,
17,10,243,35,54,
18,10,249,24,48,
19,10,193,20,37,
20,10,182,17,30,
21,10,183,16,28,
22,10,169,17,27,
23,10,184,17,28,
24,10,179,16,27,
25,10,187,17,31,
26,10,205,16,34,
27,10,205,16,34,
28,10,242,16,38,
29,10,244,17,39,
30,10,240,18,39,
31,10,229,17,37,
32,10,232,228,239,
33,10,199,75,75,
34,10,236,19,39,
35,10,210,18,37,
36,10,240,18,40,
37,10,237,16,40,
38,10,220,18,39,
39,10,207,16,35,
40,10,237,19,39,
41,10,238,18,39,
42,10,204,17,33,
43,10,235,19,38,
44,10,241,16,37,
45,10,244,19,40,
46,10,241,21,40,
47,10,238,33,51,
48,10,227,58,68,
49,10,250,232,236,
50,10,227,232,236,
51,10,225,227,232,
52,10,223,229,232,
53,10,224,227,232,
54,10,222,226,230,
55,10,226,230,233,
56,10,223,226,231,
57,10,220,223,228,
58,10,222,224,229,
59,10,222,225,230,
60,10,225,228,233,
61,10,218,221,226,
62,10,220,223,228,
63,10,219,222,227,
0,11,240,244,247,
1,11,236,240,241,
2,11,239,242,244,
3,11,235,239,243,
4,11,242,245,249,
5,11,235,238,242,
6,11,238,241,245,
7,11,238,242,246,
8,11,239,242,247,
9,11,242,245,249,
10,11,235,238,242,
11,11,238,242,245,
12,11,238,242,244,
13,11,248,230,231,
14,11,208,84,94,
15,11,209,6,22,
16,11,240,3,26,
17,11,241,3,27,
18,11,243,2,25,
19,11,184,2,17,
20,11,175,3,15,
21,11,176,2,15,
22,11,161,1,15,
23,11,177,2,16,
24,11,178,1,15,
25,11,183,2,16,
26,11,195,2,18,
27,11,202,1,19,
28,11,246,2,26,
29,11,248,2,26,
30,11,242,4,25,
31,11,228,9,25,
32,11,173,179,189,
33,11,194,65,70,
34,11,238,3,26,
35,11,202,4,22,
36,11,236,7,27,
37,11,225,6,23,
38,11,216,5,23,
39,11,194,1,18,
40,11,237,5,24,
41,11,241,4,25,
42,11,191,2,17,
43,11,238,5,25,
44,11,241,3,25,
45,11,242,3,25,
46,11,241,2,26,
47,11,242,3,25,
48,11,245,2,27,
49,11,241,5,27,
50,11,240,61,73,
51,11,237,180,183,
52,11,221,223,229,
53,11,221,224,229,
54,11,221,224,228,
55,11,228,232,235,
56,11,224,228,233,
57,11,221,225,229,
58,11,220,223,228,
59,11,218,221,226,
60,11,228,231,236,
61,11,217,220,225,
62,11,221,224,229,
63,11,219,222,227,
0,12,236,240,241,
1,12,237,241,242,
2,12,237,241,243,
3,12,239,243,246,
4,12,237,241,243,
5,12,237,241,243,
6,12,239,243,245,
7,12,239,242,245,
8,12,238,242,245,
9,12,236,240,243,
10,12,238,242,245,
11,12,241,244,245,
12,12,228,176,175,
13,12,188,9,24,
14,12,171,1,15,
15,12,214,2,22,
16,12,242,3,25,
17,12,247,2,26,
18,12,243,4,26,
19,12,182,4,16,
20,12,176,1,16,
21,12,176,1,16,
22,12,159,2,14,
23,12,176,1,16,
24,12,178,1,16,
25,12,183,1,17,
26,12,199,1,20,
27,12,201,3,20,
28,12,245,2,27,
29,12,245,2,26,
30,12,245,2,27,
31,12,232,8,27,
32,12,127,131,149,
33,12,204,64,72,
34,12,238,4,25,
35,12,210,3,23,
36,12,190,3,18,
37,12,218,7,24,
38,12,216,5,23,
39,12,188,1,17,
40,12,201,1,18,
41,12,201,1,19,
42,12,191,2,19,
43,12,238,5,25,
44,12,242,3,26,
45,12,243,3,26,
46,12,242,3,25,
47,12,240,2,26,
48,12,240,3,25,
49,12,242,2,25,
50,12,242,3,26,
51,12,237,5,26,
52,12,240,142,148,
53,12,225,225,228,
54,12,222,225,230,
55,12,219,222,227,
56,12,224,227,232,
57,12,225,228,233,
58,12,225,228,233,
59,12,224,226,232,
60,12,219,222,227,
61,12,226,229,234,
62,12,223,226,231,
63,12,225,228,233,
0,13,234,238,239,
1,13,234,238,239,
2,13,238,242,244,
3,13,235,239,242,
4,13,236,240,243,
5,13,237,241,245,
6,13,235,239,242,
7,13,236,240,242,
8,13,237,241,244,
9,13,234,239,241,
10,13,237,240,241,
11,13,241,155,157,
12,13,195,3,19,
13,13,182,5,18,
14,13,174,4,16,
15,13,214,3,22,
16,13,242,3,26,
17,13,233,5,24,
18,13,227,6,29,
19,13,169,11,26,
20,13,156,13,21,
21,13,157,14,20,
22,13,143,13,19,
23,13,157,13,21,
24,13,157,12,21,
25,13,164,14,23,
26,13,176,13,26,
27,13,181,12,28,
28,13,218,16,30,
29,13,215,14,31,
30,13,213,17,28,
31,13,211,16,32,
32,13,105,105,126,
33,13,185,67,69,
34,13,212,16,32,
35,13,181,15,29,
36,13,215,16,32,
37,13,211,14,32,
38,13,189,21,30,
39,13,169,11,24,
40,13,209,18,32,
41,13,222,14,32,
42,13,169,10,24,
43,13,212,15,32,
44,13,216,13,32,
45,13,215,14,32,
46,13,221,12,27,
47,13,229,6,24,
48,13,239,5,26,
49,13,243,3,25,
50,13,243,5,25,
51,13,246,3,28,
52,13,247,4,26,
53,13,222,87,92,
54,13,215,220,224,
55,13,215,218,223,
56,13,215,218,223,
57,13,217,220,225,
58,13,220,223,228,
59,13,220,223,228,
60,13,220,223,228,
61,13,218,221,226,
62,13,223,226,231,
63,13,218,221,226,
0,14,233,237,239,
1,14,237,241,244,
2,14,239,243,246,
3,14,237,241,244,
4,14,235,239,242,
5,14,234,238,242,
6,14,235,238,241,
7,14,236,240,243,
8,14,236,239,243,
9,14,241,240,241,
10,14,241,169,174,
11,14,240,8,30,
12,14,190,2,17,
13,14,190,2,20,
14,14,176,2,17,
15,14,208,8,23,
16,14,131,31,42,
17,14,65,47,57,
18,14,40,42,48,
19,14,35,40,49,
20,14,35,38,48,
21,14,35,38,48,
22,14,34,38,48,
23,14,35,38,48,
24,14,35,37,48,
25,14,35,37,48,
26,14,35,38,48,
27,14,35,38,48,
28,14,35,38,47,
29,14,35,38,47,
30,14,36,38,48,
31,14,31,34,42,
32,14,83,94,110,
33,14,19,28,38,
34,14,35,38,47,
35,14,35,38,49,
36,14,35,38,48,
37,14,35,38,47,
38,14,34,39,47,
39,14,34,38,48,
40,14,36,38,47,
41,14,36,38,47,
42,14,34,39,48,
43,14,35,39,48,
44,14,35,38,48,
45,14,36,38,48,
46,14,41,39,47,
47,14,52,44,49,
48,14,131,47,59,
49,14,227,14,27,
50,14,246,2,26,
51,14,246,4,26,
52,14,250,2,27,
53,14,243,4,26,
54,14,233,110,123,
55,14,207,212,217,
56,14,213,217,220,
57,14,220,222,227,
58,14,216,219,224,
59,14,216,219,224,
60,14,219,222,227,
61,14,219,222,227,
62,14,224,228,232,
63,14,215,218,223,
0,15,237,241,242,
1,15,235,239,241,
2,15,238,242,244,
3,15,235,238,241,
4,15,235,239,242,
5,15,234,238,241,
6,15,234,239,241,
7,15,236,240,242,
8,15,235,238,240,
9,15,242,235,237,
10,15,241,26,43,
11,15,241,4,26,
12,15,196,2,19,
13,15,188,2,17,
14,15,138,23,30,
15,15,60,46,53,
16,15,24,31,42,
17,15,35,46,60,
18,15,46,55,74,
19,15,53,63,82,
20,15,55,65,84,
21,15,56,64,85,
22,15,56,65,84,
23,15,55,65,84,
24,15,55,65,84,
25,15,56,65,85,
26,15,56,65,85,
27,15,56,66,85,
28,15,56,66,85,
29,15,55,65,84,
30,15,56,66,84,
31,15,60,70,86,
32,15,89,99,114,
33,15,66,76,93,
34,15,58,67,86,
35,15,56,66,84,
36,15,56,66,85,
37,15,55,65,84,
38,15,55,65,84,
39,15,55,65,84,
40,15,56,66,85,
41,15,56,65,84,
42,15,55,64,84,
43,15,56,64,84,
44,15,55,65,84,
45,15,54,64,83,
46,15,47,57,76,
47,15,38,49,61,
48,15,23,32,43,
49,15,52,44,53,
50,15,165,35,50,
51,15,247,4,27,
52,15,246,2,26,
53,15,250,3,26,
54,15,242,8,29,
55,15,225,173,178,
56,15,207,209,215,
57,15,214,217,222,
58,15,216,219,224,
59,15,218,221,226,
60,15,219,222,227,
61,15,218,221,226,
62,15,221,224,229,
63,15,216,219,223,
0,16,235,239,242,
1,16,235,239,243,
2,16,239,242,246,
3,16,237,240,244,
4,16,236,240,244,
5,16,235,239,242,
6,16,236,240,243,
7,16,237,240,244,
8,16,236,238,242,
9,16,235,86,95,
10,16,242,4,26,
11,16,238,4,25,
12,16,196,2,18,
13,16,149,27,36,
14,16,43,47,55,
15,16,30,37,49,
16,16,55,66,84,
17,16,69,73,95,
18,16,69,78,95,
19,16,73,81,98,
20,16,75,83,100,
21,16,75,83,101,
22,16,75,83,100,
23,16,75,83,101,
24,16,76,84,101,
25,16,75,83,101,
26,16,76,84,101,
27,16,75,83,100,
28,16,76,84,101,
29,16,76,84,101,
30,16,78,87,105,
31,16,90,98,115,
32,16,102,112,126,
33,16,95,104,120,
34,16,82,90,109,
35,16,75,83,102,
36,16,75,83,101,
37,16,75,83,101,
38,16,75,83,100,
39,16,75,83,100,
40,16,75,83,101,
41,16,74,82,100,
42,16,74,83,100,
43,16,74,83,100,
44,16,74,82,99,
45,16,73,81,99,
46,16,68,78,94,
47,16,67,73,96,
48,16,55,71,87,
49,16,30,38,52,
50,16,35,38,48,
51,16,137,18,30,
52,16,245,4,26,
53,16,246,3,26,
54,16,245,3,25,
55,16,240,53,68,
56,16,212,210,216,
57,16,214,216,221,
58,16,218,222,226,
59,16,217,220,225,
60,16,217,220,225,
61,16,221,224,229,
62,16,225,229,233,
63,16,221,224,228,
0,17,239,243,244,
1,17,237,241,242,
2,17,236,240,242,
3,17,235,239,240,
4,17,239,243,247,
5,17,236,240,243,
6,17,237,238,242,
7,17,231,238,240,
8,17,247,228,229,
9,17,242,6,27,
10,17,246,3,26,
11,17,238,3,25,
12,17,172,10,23,
13,17,51,49,58,
14,17,26,36,51,
15,17,64,73,91,
16,17,72,81,99,
17,17,84,92,109,
18,17,95,103,120,
19,17,101,109,126,
20,17,103,111,126,
21,17,104,113,128,
22,17,106,115,129,
23,17,107,116,130,
24,17,106,114,129,
25,17,106,114,128,
26,17,105,113,128,
27,17,109,117,131,
28,17,107,115,130,
29,17,105,113,128,
30,17,108,116,131,
31,17,119,126,142,
32,17,129,138,149,
33,17,123,132,144,
34,17,114,123,137,
35,17,109,117,131,
36,17,109,117,131,
37,17,107,115,129,
38,17,106,114,128,
39,17,104,112,127,
40,17,105,113,128,
41,17,107,115,130,
42,17,105,113,128,
43,17,104,112,127,
44,17,103,111,127,
45,17,101,109,125,
46,17,98,106,123,
47,17,86,94,111,
48,17,74,83,101,
49,17,64,73,93,
50,17,39,51,66,
51,17,36,38,50,
52,17,169,12,26,
53,17,245,3,26,
54,17,249,2,27,
55,17,249,2,26,
56,17,229,161,167,
57,17,204,203,210,
58,17,207,211,215,
59,17,218,221,226,
60,17,225,228,233,
61,17,217,220,225,
62,17,215,218,223,
63,17,216,219,224,
0,18,237,241,245,
1,18,235,238,243,
2,18,235,239,243,
3,18,235,238,243,
4,18,237,240,244,
5,18,233,237,240,
6,18,233,237,242,
7,18,230,233,236,
8,18,241,101,113,
9,18,241,4,27,
10,18,247,3,26,
11,18,245,4,26,
12,18,79,36,46,
13,18,23,31,44,
14,18,62,72,90,
15,18,80,89,107,
16,18,99,107,123,
17,18,116,124,139,
18,18,129,138,148,
19,18,136,143,155,
20,18,141,149,160,
21,18,144,151,162,
22,18,145,154,164,
23,18,146,155,165,
24,18,147,154,165,
25,18,147,154,165,
26,18,146,153,164,
27,18,147,154,166,
28,18,146,154,165,
29,18,147,154,165,
30,18,150,158,167,
31,18,154,161,171,
32,18,163,171,180,
33,18,157,164,174,
34,18,152,161,171,
35,18,149,158,168,
36,18,147,154,165,
37,18,145,152,164,
38,18,146,153,164,
39,18,144,151,162,
40,18,143,151,162,
41,18,143,151,162,
42,18,143,149,161,
43,18,143,150,161,
44,18,140,147,158,
45,18,138,145,156,
46,18,135,143,156,
47,18,120,129,143,
48,18,105,114,129,
49,18,84,94,111,
50,18,67,77,94,
51,18,37,50,67,
52,18,79,60,68,
53,18,240,5,27,
54,18,251,2,27,
55,18,247,3,25,
56,18,241,75,87,
57,18,200,200,210,
58,18,205,207,212,
59,18,213,216,221,
60,18,220,223,229,
61,18,218,221,226,
62,18,218,221,226,
63,18,217,220,225,
0,19,237,241,243,
1,19,234,238,239,
2,19,234,238,240,
3,19,234,238,241,
4,19,237,241,244,
5,19,234,238,241,
6,19,232,237,239,
7,19,238,237,241,
8,19,238,36,52,
9,19,243,3,25,
10,19,245,3,26,
11,19,187,14,30,
12,19,31,40,48,
13,19,56,65,82,
14,19,81,91,108,
15,19,107,115,131,
16,19,130,138,151,
17,19,148,155,168,
18,19,192,169,175,
19,19,169,179,183,
20,19,176,181,191,
21,19,180,186,195,
22,19,183,189,197,
23,19,183,190,196,
24,19,185,192,198,
25,19,183,190,197,
26,19,185,192,199,
27,19,184,191,198,
28,19,184,190,197,
29,19,183,190,196,
30,19,184,190,197,
31,19,187,193,200,
32,19,191,198,205,
33,19,187,194,201,
34,19,186,193,199,
35,19,185,192,199,
36,19,183,189,196,
37,19,185,190,197,
38,19,182,188,197,
39,19,180,186,195,
40,19,178,184,191,
41,19,179,184,193,
42,19,184,179,189,
43,19,206,80,94,
44,19,193,77,91,
45,19,191,76,90,
46,19,189,77,86,
47,19,180,71,86,
48,19,163,158,169,
49,19,116,124,138,
50,19,88,96,113,
51,19,65,72,92,
52,19,50,60,73,
53,19,165,48,61,
54,19,249,2,26,
55,19,246,2,25,
56,19,218,6,25,
57,19,210,199,205,
58,19,198,202,209,
59,19,207,210,215,
60,19,218,221,226,
61,19,215,218,223,
62,19,216,219,224,
63,19,216,219,224,
0,20,234,238,242,
1,20,236,240,243,
2,20,235,239,242,
3,20,236,240,243,
4,20,236,240,243,
5,20,233,237,240,
6,20,231,234,238,
7,20,244,227,228,
8,20,240,5,25,
9,20,242,3,25,
10,20,244,3,26,
11,20,118,47,55,
12,20,29,39,52,
13,20,74,83,101,
14,20,106,114,129,
15,20,136,143,156,
16,20,159,164,176,
17,20,184,187,200,
18,20,228,38,51,
19,20,161,143,158,
20,20,191,199,204,
21,20,200,206,210,
22,20,203,209,214,
23,20,208,213,217,
24,20,207,212,216,
25,20,207,213,216,
26,20,208,213,218,
27,20,209,214,218,
28,20,207,212,216,
29,20,207,212,216,
30,20,207,213,217,
31,20,207,213,217,
32,20,214,220,224,
33,20,205,211,215,
34,20,208,211,216,
35,20,206,211,216,
36,20,208,210,215,
37,20,208,212,217,
38,20,206,210,216,
39,20,203,208,214,
40,20,199,206,211,
41,20,197,202,210,
42,20,157,138,151,
43,20,223,8,25,
44,20,190,1,19,
45,20,187,2,18,
46,20,184,5,17,
47,20,186,3,20,
48,20,185,177,186,
49,20,147,155,165,
50,20,118,124,140,
51,20,84,92,111,
52,20,59,68,82,
53,20,108,72,82,
54,20,247,2,26,
55,20,245,2,25,
56,20,222,4,23,
57,20,202,144,150,
58,20,191,196,202,
59,20,205,208,214,
60,20,217,220,225,
61,20,214,217,222,
62,20,215,218,223,
63,20,215,218,223,
0,21,236,240,242,
1,21,236,240,243,
2,21,233,237,240,
3,21,234,238,241,
4,21,235,239,242,
5,21,234,238,241,
6,21,228,232,235,
7,21,223,151,155,
8,21,237,3,25,
9,21,241,3,26,
10,21,241,4,26,
11,21,62,43,49,
12,21,47,59,76,
13,21,96,104,121,
14,21,133,140,151,
15,21,160,165,176,
16,21,176,184,192,
17,21,232,152,157,
18,21,244,5,26,
19,21,188,105,112,
20,21,171,180,187,
21,21,207,212,216,
22,21,226,222,226,
23,21,228,219,226,
24,21,223,222,230,
25,21,222,220,228,
26,21,225,223,227,
27,21,225,222,228,
28,21,227,227,231,
29,21,222,222,225,
30,21,216,225,225,
31,21,228,224,229,
32,21,213,220,223,
33,21,229,229,229,
34,21,219,222,227,
35,21,222,221,228,
36,21,227,224,228,
37,21,220,224,226,
38,21,225,220,227,
39,21,221,221,225,
40,21,223,214,219,
41,21,188,201,205,
42,21,127,120,128,
43,21,203,18,31,
44,21,166,15,23,
45,21,163,16,23,
46,21,159,17,24,
47,21,162,18,25,
48,21,177,171,179,
49,21,170,175,184,
50,21,150,156,168,
51,21,110,118,134,
52,21,71,80,98,
53,21,103,106,114,
54,21,231,8,26,
55,21,245,2,26,
56,21,222,2,23,
57,21,188,81,92,
58,21,186,190,198,
59,21,204,208,214,
60,21,208,211,216,
61,21,219,222,227,
62,21,215,219,223,
63,21,223,226,231,
0,22,233,237,240,
1,22,238,242,244,
2,22,235,239,242,
3,22,233,237,240,
4,22,235,239,243,
5,22,231,235,238,
6,22,226,232,234,
7,22,173,95,101,
8,22,181,4,16,
9,22,233,3,24,
10,22,235,7,26,
11,22,38,42,49,
12,22,72,78,96,
13,22,118,127,140,
14,22,152,160,169,
15,22,175,180,189,
16,22,199,199,206,
17,22,234,20,38,
18,22,249,2,27,
19,22,171,5,17,
20,22,144,143,153,
21,22,194,202,207,
22,22,132,58,65,
23,22,180,29,41,
24,22,183,28,41,
25,22,187,28,41,
26,22,192,28,43,
27,22,198,30,44,
28,22,243,29,50,
29,22,244,29,50,
30,22,242,31,48,
31,22,229,33,51,
32,22,216,207,223,
33,22,232,97,96,
34,22,241,29,50,
35,22,207,28,46,
36,22,244,28,50,
37,22,236,30,49,
38,22,217,29,49,
39,22,184,28,40,
40,22,237,35,50,
41,22,178,184,190,
42,22,62,66,85,
43,22,34,35,48,
44,22,32,35,46,
45,22,32,35,47,
46,22,27,37,47,
47,22,37,46,55,
48,22,147,152,162,
49,22,176,181,190,
50,22,166,174,182,
51,22,133,142,152,
52,22,87,99,115,
53,22,107,115,128,
54,22,203,15,31,
55,22,247,2,26,
56,22,218,3,23,
57,22,206,81,89,
58,22,178,182,192,
59,22,195,198,206,
60,22,204,207,213,
61,22,211,214,219,
62,22,220,223,228,
63,22,217,220,225,
0,23,233,237,241,
1,23,235,238,242,
2,23,236,240,243,
3,23,233,237,240,
4,23,233,237,240,
5,23,229,233,236,
6,23,221,226,230,
7,23,173,91,95,
8,23,184,3,19,
9,23,233,2,25,
10,23,223,12,28,
11,23,24,33,41,
12,23,85,93,109,
13,23,134,143,153,
14,23,165,171,179,
15,23,185,189,197,
16,23,227,110,120,
17,23,230,8,26,
18,23,161,21,28,
19,23,173,3,18,
20,23,175,115,124,
21,23,161,166,175,
22,23,156,154,162,
23,23,160,6,14,
24,23,171,1,15,
25,23,174,1,16,
26,23,183,2,16,
27,23,187,2,18,
28,23,244,2,25,
29,23,245,2,25,
30,23,247,2,28,
31,23,235,7,26,
32,23,156,164,175,
33,23,208,20,35,
34,23,237,5,24,
35,23,207,2,21,
36,23,241,3,26,
37,23,231,5,27,
38,23,212,3,23,
39,23,173,2,14,
40,23,224,8,27,
41,23,144,150,162,
42,23,107,115,134,
43,23,77,86,104,
44,23,71,81,99,
45,23,71,79,98,
46,23,76,83,102,
47,23,98,104,121,
48,23,151,156,167,
49,23,178,182,192,
50,23,178,185,192,
51,23,156,163,172,
52,23,108,115,130,
53,23,102,114,127,
54,23,215,53,64,
55,23,246,2,26,
56,23,221,3,22,
57,23,201,62,74,
58,23,174,179,188,
59,23,189,194,202,
60,23,203,206,211,
61,23,210,213,218,
62,23,218,221,226,
63,23,214,217,222,
0,24,235,239,241,
1,24,234,238,241,
2,24,231,235,238,
3,24,234,238,241,
4,24,232,236,239,
5,24,229,233,236,
6,24,218,223,226,
7,24,168,86,92,
8,24,182,3,17,
9,24,226,4,24,
10,24,212,12,28,
11,24,20,28,39,
12,24,95,103,119,
13,24,147,155,165,
14,24,171,178,185,
15,24,213,204,211,
16,24,173,18,27,
17,24,114,28,33,
18,24,55,58,71,
19,24,148,7,16,
20,24,154,10,16,
21,24,121,122,136,
22,24,139,147,158,
23,24,126,28,37,
24,24,168,1,14,
25,24,172,2,16,
26,24,180,2,17,
27,24,186,3,18,
28,24,243,2,25,
29,24,242,3,25,
30,24,240,3,25,
31,24,229,8,26,
32,24,115,122,139,
33,24,200,17,31,
34,24,239,5,25,
35,24,212,5,24,
36,24,214,4,23,
37,24,209,6,24,
38,24,216,4,23,
39,24,174,1,15,
40,24,206,8,24,
41,24,127,134,145,
42,24,121,132,143,
43,24,101,109,125,
44,24,93,101,117,
45,24,92,100,116,
46,24,99,107,123,
47,24,121,128,140,
48,24,157,162,172,
49,24,181,186,195,
50,24,188,194,201,
51,24,169,177,186,
52,24,124,130,144,
53,24,108,117,133,
54,24,237,74,83,
55,24,244,2,26,
56,24,219,3,23,
57,24,193,54,68,
58,24,170,173,182,
59,24,184,190,197,
60,24,199,203,209,
61,24,208,211,216,
62,24,216,219,224,
63,24,213,216,221,
0,25,235,238,242,
1,25,232,236,239,
2,25,234,238,241,
3,25,235,239,242,
4,25,232,236,238,
5,25,230,234,237,
6,25,213,219,221,
7,25,159,84,92,
8,25,171,4,15,
9,25,192,2,18,
10,25,181,7,19,
11,25,34,40,50,
12,25,99,108,122,
13,25,153,162,170,
14,25,178,187,187,
15,25,156,51,59,
16,25,141,5,15,
17,25,40,35,45,
18,25,53,65,82,
19,25,105,29,38,
20,25,160,4,18,
21,25,119,74,86,
22,25,114,120,139,
23,25,107,106,117,
24,25,153,4,15,
25,25,158,4,16,
26,25,167,4,17,
27,25,171,4,17,
28,25,243,3,26,
29,25,223,2,22,
30,25,209,1,20,
31,25,187,9,22,
32,25,91,101,119,
33,25,187,44,51,
34,25,207,4,20,
35,25,208,3,21,
36,25,246,2,28,
37,25,190,4,21,
38,25,198,5,24,
39,25,153,3,14,
40,25,204,10,25,
41,25,115,127,135,
42,25,137,144,153,
43,25,132,138,151,
44,25,127,134,147,
45,25,126,132,146,
46,25,133,140,150,
47,25,150,156,167,
48,25,171,175,186,
49,25,185,190,199,
50,25,193,198,204,
51,25,176,183,191,
52,25,134,142,155,
53,25,129,133,148,
54,25,232,48,60,
55,25,244,2,26,
56,25,218,4,22,
57,25,186,57,69,
58,25,165,170,179,
59,25,181,187,194,
60,25,199,202,207,
61,25,206,209,215,
62,25,220,223,228,
63,25,215,218,223,
0,26,236,240,243,
1,26,235,239,242,
2,26,232,236,239,
3,26,234,238,241,
4,26,233,237,239,
5,26,229,233,236,
6,26,211,217,220,
7,26,135,90,98,
8,26,142,2,10,
9,26,139,2,10,
10,26,137,2,11,
11,26,86,74,86,
12,26,97,107,122,
13,26,159,168,176,
14,26,225,212,216,
15,26,146,5,17,
16,26,200,103,108,
17,26,141,120,130,
18,26,165,145,157,
19,26,173,148,158,
20,26,139,3,14,
21,26,156,14,25,
22,26,102,105,123,
23,26,92,97,118,
24,26,29,32,40,
25,26,26,30,37,
26,26,25,31,38,
27,26,37,32,39,
28,26,224,12,30,
29,26,210,1,20,
30,26,190,1,18,
31,26,142,8,19,
32,26,82,91,110,
33,26,149,81,84,
34,26,193,4,20,
35,26,194,2,20,
36,26,192,8,23,
37,26,50,33,56,
38,26,31,29,38,
39,26,27,28,38,
40,26,35,30,46,
41,26,112,116,134,
42,26,154,154,160,
43,26,178,28,43,
44,26,175,28,39,
45,26,174,29,39,
46,26,175,29,41,
47,26,176,35,45,
48,26,204,192,201,
49,26,191,194,203,
50,26,201,204,211,
51,26,191,197,204,
52,26,142,145,157,
53,26,179,182,193,
54,26,233,10,27,
55,26,240,4,25,
56,26,217,4,23,
57,26,171,63,74,
58,26,159,167,176,
59,26,187,192,200,
60,26,202,205,210,
61,26,210,213,218,
62,26,212,215,220,
63,26,216,219,224,
0,27,234,238,241,
1,27,233,237,240,
2,27,232,236,239,
3,27,233,237,241,
4,27,233,237,240,
5,27,226,230,233,
6,27,214,216,221,
7,27,161,155,160,
8,27,136,2,11,
9,27,144,2,10,
10,27,136,2,11,
11,27,77,37,49,
12,27,79,90,102,
13,27,158,163,175,
14,27,181,59,65,
15,27,145,3,11,
16,27,145,2,12,
17,27,142,3,12,
18,27,141,1,10,
19,27,143,2,13,
20,27,146,2,12,
21,27,151,3,14,
22,27,130,99,112,
23,27,92,102,119,
24,27,71,80,100,
25,27,65,73,92,
26,27,61,73,91,
27,27,74,78,97,
28,27,182,6,21,
29,27,169,1,15,
30,27,155,2,12,
31,27,104,49,58,
32,27,82,90,107,
33,27,114,101,117,
34,27,147,2,11,
35,27,184,6,18,
36,27,148,2,12,
37,27,148,122,140,
38,27,62,71,91,
39,27,65,72,92,
40,27,74,86,103,
41,27,110,122,135,
42,27,134,116,134,
43,27,180,3,19,
44,27,179,1,17,
45,27,175,1,16,
46,27,174,4,16,
47,27,175,2,17,
48,27,197,186,196,
49,27,194,197,206,
50,27,198,201,207,
51,27,190,195,202,
52,27,136,146,157,
53,27,204,174,181,
54,27,219,4,23,
55,27,234,2,25,
56,27,218,4,23,
57,27,131,74,81,
58,27,156,163,173,
59,27,180,184,192,
60,27,202,205,210,
61,27,207,210,215,
62,27,209,212,217,
63,27,213,216,222,
0,28,234,238,241,
1,28,231,235,238,
2,28,232,236,239,
3,28,234,238,241,
4,28,233,237,240,
5,28,227,231,234,
6,28,211,216,221,
7,28,174,179,187,
8,28,119,8,16,
9,28,137,2,11,
10,28,143,2,11,
11,28,182,79,86,
12,28,61,69,84,
13,28,149,143,153,
14,28,127,31,41,
15,28,113,32,37,
16,28,113,30,38,
17,28,107,29,36,
18,28,109,29,37,
19,28,109,28,36,
20,28,110,28,36,
21,28,114,29,39,
22,28,122,57,65,
23,28,86,98,111,
24,28,94,103,120,
25,28,84,93,110,
26,28,80,89,108,
27,28,188,121,132,
28,28,166,1,14,
29,28,164,3,14,
30,28,155,2,12,
31,28,65,62,73,
32,28,83,94,111,
33,28,77,79,99,
34,28,145,1,12,
35,28,185,4,18,
36,28,148,1,10,
37,28,157,48,59,
38,28,77,85,106,
39,28,83,92,107,
40,28,98,106,124,
41,28,118,127,140,
42,28,116,109,123,
43,28,129,32,39,
44,28,132,30,39,
45,28,131,30,38,
46,28,130,29,38,
47,28,129,31,39,
48,28,172,171,179,
49,28,186,190,199,
50,28,199,201,207,
51,28,182,189,197,
52,28,154,161,174,
53,28,226,130,136,
54,28,203,2,20,
55,28,229,2,24,
56,28,217,7,24,
57,28,141,128,138,
58,28,162,164,177,
59,28,181,187,195,
60,28,201,204,210,
61,28,203,206,211,
62,28,211,214,219,
63,28,212,215,220,
0,29,230,235,238,
1,29,233,237,240,
2,29,230,234,237,
3,29,232,236,239,
4,29,231,235,238,
5,29,224,228,231,
6,29,212,218,222,
7,29,175,183,192,
8,29,131,57,66,
9,29,136,1,10,
10,29,139,1,12,
11,29,144,6,13,
12,29,121,91,102,
13,29,116,125,136,
14,29,77,89,105,
15,29,55,69,85,
16,29,52,66,83,
17,29,56,65,83,
18,29,53,65,82,
19,29,53,65,82,
20,29,54,66,83,
21,29,52,65,82,
22,29,54,68,85,
23,29,88,96,113,
24,29,119,127,143,
25,29,117,125,140,
26,29,120,124,135,
27,29,149,15,22,
28,29,153,4,13,
29,29,168,1,14,
30,29,141,5,14,
31,29,65,80,97,
32,29,92,104,118,
33,29,81,88,108,
34,29,163,16,27,
35,29,209,2,20,
36,29,208,2,22,
37,29,209,9,26,
38,29,126,117,129,
39,29,108,119,134,
40,29,122,130,143,
41,29,126,135,147,
42,29,64,81,91,
43,29,61,65,85,
44,29,52,67,85,
45,29,52,66,85,
46,29,54,68,83,
47,29,63,80,94,
48,29,148,153,163,
49,29,185,190,199,
50,29,194,198,205,
51,29,171,179,189,
52,29,195,191,198,
53,29,179,4,19,
54,29,185,4,18,
55,29,225,4,24,
56,29,177,19,34,
57,29,132,138,150,
58,29,164,169,180,
59,29,182,187,195,
60,29,201,205,210,
61,29,207,210,215,
62,29,215,218,223,
63,29,214,217,222,
0,30,234,238,241,
1,30,231,235,238,
2,30,231,235,238,
3,30,230,234,237,
4,30,231,235,238,
5,30,227,231,235,
6,30,216,222,225,
7,30,181,187,196,
8,30,137,114,124,
9,30,193,5,24,
10,30,214,5,24,
11,30,225,6,25,
12,30,215,26,41,
13,30,86,88,100,
14,30,103,116,128,
15,30,88,96,114,
16,30,76,86,103,
17,30,75,84,101,
18,30,77,84,102,
19,30,76,84,102,
20,30,75,82,101,
21,30,76,84,103,
22,30,93,99,118,
23,30,120,128,142,
24,30,140,147,156,
25,30,143,147,161,
26,30,160,81,84,
27,30,139,3,9,
28,30,157,1,13,
29,30,155,3,13,
30,30,96,49,56,
31,30,73,83,102,
32,30,105,113,128,
33,30,89,97,114,
34,30,94,75,82,
35,30,200,2,20,
36,30,199,1,19,
37,30,201,1,19,
38,30,199,43,57,
39,30,131,139,152,
40,30,144,150,164,
41,30,140,149,158,
42,30,109,117,132,
43,30,87,96,112,
44,30,80,88,106,
45,30,81,89,107,
46,30,86,95,112,
47,30,107,116,131,
48,30,155,160,171,
49,30,180,185,193,
50,30,190,197,205,
51,30,189,189,203,
52,30,217,107,112,
53,30,178,1,15,
54,30,179,3,17,
55,30,223,6,25,
56,30,127,54,64,
57,30,131,141,153,
58,30,163,170,179,
59,30,190,194,201,
60,30,204,207,213,
61,30,212,215,220,
62,30,213,216,221,
63,30,212,215,220,
0,31,232,236,239,
1,31,230,234,237,
2,31,231,235,238,
3,31,231,235,238,
4,31,230,234,237,
5,31,229,233,237,
6,31,219,224,227,
7,31,191,198,205,
8,31,144,152,162,
9,31,175,34,46,
10,31,224,2,23,
11,31,220,2,22,
12,31,215,2,21,
13,31,174,48,57,
14,31,104,108,122,
15,31,107,115,130,
16,31,102,111,127,
17,31,101,109,124,
18,31,102,110,125,
19,31,102,110,125,
20,31,101,109,125,
21,31,106,113,129,
22,31,119,127,140,
23,31,143,151,161,
24,31,161,171,179,
25,31,190,135,142,
26,31,139,4,12,
27,31,148,2,11,
28,31,149,1,10,
29,31,146,4,13,
30,31,54,62,76,
31,31,93,99,117,
32,31,118,127,139,
33,31,102,111,126,
34,31,69,80,94,
35,31,157,7,14,
36,31,197,2,18,
37,31,198,1,18,
38,31,201,2,20,
39,31,193,85,95,
40,31,158,165,173,
41,31,154,160,170,
42,31,133,140,152,
43,31,116,124,138,
44,31,108,115,131,
45,31,106,114,130,
46,31,113,121,135,
47,31,133,140,151,
48,31,164,169,179,
49,31,180,185,195,
50,31,183,190,200,
51,31,246,147,153,
52,31,218,4,23,
53,31,216,3,22,
54,31,217,4,23,
55,31,197,14,31,
56,31,115,115,131,
57,31,146,151,161,
58,31,172,179,187,
59,31,191,194,202,
60,31,202,205,211,
61,31,212,215,220,
62,31,215,218,223,
63,31,215,218,223,
0,32,232,236,239,
1,32,231,235,238,
2,32,232,236,239,
3,32,230,234,237,
4,32,229,233,236,
5,32,228,232,235,
6,32,220,225,228,
7,32,200,207,212,
8,32,155,164,172,
9,32,114,99,110,
10,32,185,4,19,
11,32,199,3,19,
12,32,199,2,20,
13,32,202,1,19,
14,32,215,97,109,
15,32,134,124,139,
16,32,122,132,144,
17,32,131,141,150,
18,32,135,142,155,
19,32,138,143,156,
20,32,136,144,158,
21,32,140,147,160,
22,32,149,157,167,
23,32,173,174,183,
24,32,196,138,146,
25,32,145,5,13,
26,32,159,2,14,
27,32,181,2,17,
28,32,218,5,23,
29,32,91,32,38,
30,32,70,78,96,
31,32,108,119,131,
32,32,132,140,151,
33,32,121,129,143,
34,32,86,91,112,
35,32,80,58,75,
36,32,197,4,19,
37,32,199,2,19,
38,32,199,2,18,
39,32,198,2,19,
40,32,230,130,144,
41,32,180,178,187,
42,32,156,159,170,
43,32,147,154,165,
44,32,141,148,160,
45,32,140,147,158,
46,32,144,152,164,
47,32,155,163,172,
48,32,169,174,184,
49,32,185,180,191,
50,32,230,129,136,
51,32,240,3,26,
52,32,243,3,25,
53,32,244,3,26,
54,32,239,5,27,
55,32,123,65,77,
56,32,118,126,139,
57,32,150,157,170,
58,32,174,180,189,
59,32,194,197,205,
60,32,203,206,210,
61,32,208,211,216,
62,32,212,215,220,
63,32,214,217,222,
0,33,230,234,237,
1,33,230,235,238,
2,33,230,234,237,
3,33,234,238,241,
4,33,234,238,240,
5,33,230,235,238,
6,33,225,230,233,
7,33,207,213,217,
8,33,175,183,189,
9,33,123,129,147,
10,33,111,51,57,
11,33,201,2,20,
12,33,202,1,19,
13,33,203,1,19,
14,33,205,2,22,
15,33,198,8,22,
16,33,205,142,157,
17,33,155,151,163,
18,33,166,171,180,
19,33,165,173,182,
20,33,172,180,184,
21,33,185,185,192,
22,33,200,174,179,
23,33,163,38,46,
24,33,151,3,12,
25,33,158,1,13,
26,33,162,2,12,
27,33,189,2,17,
28,33,157,18,27,
29,33,60,68,88,
30,33,89,97,114,
31,33,128,135,148,
32,33,146,154,165,
33,33,141,148,161,
34,33,107,112,127,
35,33,69,77,101,
36,33,102,24,29,
37,33,202,2,19,
38,33,202,2,19,
39,33,204,1,19,
40,33,197,2,18,
41,33,207,18,33,
42,33,225,180,192,
43,33,182,175,186,
44,33,180,180,188,
45,33,171,174,184,
46,33,172,178,181,
47,33,185,180,188,
48,33,200,157,167,
49,33,226,23,35,
50,33,245,2,27,
51,33,243,2,26,
52,33,241,4,25,
53,33,245,3,28,
54,33,171,44,55,
55,33,97,106,123,
56,33,132,139,152,
57,33,159,166,176,
58,33,181,186,195,
59,33,199,203,209,
60,33,208,211,216,
61,33,210,213,218,
62,33,216,219,224,
63,33,214,217,222,
0,34,231,235,238,
1,34,232,236,239,
2,34,229,233,236,
3,34,231,235,238,
4,34,229,233,236,
5,34,232,236,239,
6,34,222,227,230,
7,34,213,219,224,
8,34,189,197,201,
9,34,150,160,168,
10,34,100,107,124,
11,34,125,33,42,
12,34,204,2,20,
13,34,205,1,20,
14,34,205,1,20,
15,34,206,1,20,
16,34,204,2,20,
17,34,210,16,34,
18,34,200,28,43,
19,34,183,31,44,
20,34,177,30,44,
21,34,169,23,35,
22,34,155,2,16,
23,34,152,2,11,
24,34,151,1,11,
25,34,156,2,13,
26,34,165,1,13,
27,34,143,7,11,
28,34,61,62,80,
29,34,70,84,102,
30,34,112,119,134,
31,34,145,152,164,
32,34,162,171,179,
33,34,161,169,178,
34,34,129,140,148,
35,34,86,95,112,
36,34,59,67,80,
37,34,116,14,19,
38,34,201,2,18,
39,34,205,1,20,
40,34,207,2,20,
41,34,210,1,20,
42,34,208,3,22,
43,34,208,18,36,
44,34,204,30,45,
45,34,190,31,44,
46,34,200,31,45,
47,34,202,21,36,
48,34,211,4,22,
49,34,234,6,26,
50,34,226,6,24,
51,34,218,3,23,
52,34,203,2,20,
53,34,154,28,35,
54,34,92,90,110,
55,34,111,121,137,
56,34,146,152,164,
57,34,171,178,186,
58,34,186,191,200,
59,34,202,205,212,
60,34,208,211,216,
61,34,209,212,217,
62,34,215,217,222,
63,34,209,212,217,
0,35,231,235,238,
1,35,229,233,236,
2,35,229,233,236,
3,35,231,235,238,
4,35,229,233,236,
5,35,227,231,234,
6,35,225,229,232,
7,35,223,227,230,
8,35,205,208,215,
9,35,173,179,188,
10,35,124,135,147,
11,35,90,98,115,
12,35,120,44,55,
13,35,199,4,21,
14,35,207,3,20,
15,35,209,1,21,
16,35,206,1,19,
17,35,203,0,19,
18,35,196,2,18,
19,35,188,1,17,
20,35,163,3,16,
21,35,152,2,12,
22,35,149,2,14,
23,35,150,1,13,
24,35,153,1,13,
25,35,158,1,13,
26,35,113,18,29,
27,35,61,59,74,
28,35,69,77,96,
29,35,97,105,121,
30,35,134,141,153,
31,35,161,168,177,
32,35,178,183,192,
33,35,177,182,191,
34,35,157,165,174,
35,35,116,123,138,
36,35,71,87,104,
37,35,52,59,79,
38,35,130,44,54,
39,35,200,3,20,
40,35,206,2,20,
41,35,207,1,21,
42,35,204,1,19,
43,35,205,1,20,
44,35,205,1,20,
45,35,204,2,19,
46,35,202,1,19,
47,35,196,1,18,
48,35,204,3,19,
49,35,213,4,21,
50,35,222,2,22,
51,35,225,7,27,
52,35,141,25,37,
53,35,86,87,105,
54,35,99,106,123,
55,35,131,138,151,
56,35,161,167,176,
57,35,181,187,195,
58,35,196,200,205,
59,35,208,211,216,
60,35,209,212,217,
61,35,216,219,225,
62,35,214,217,222,
63,35,214,217,222,
0,36,230,234,237,
1,36,230,234,237,
2,36,228,232,235,
3,36,230,234,237,
4,36,230,234,237,
5,36,229,233,236,
6,36,228,232,235,
7,36,224,228,231,
8,36,214,217,222,
9,36,195,200,206,
10,36,160,164,175,
11,36,112,120,133,
12,36,80,93,109,
13,36,92,54,67,
14,36,165,15,28,
15,36,201,4,21,
16,36,207,1,20,
17,36,203,1,19,
18,36,196,1,17,
19,36,195,2,18,
20,36,192,4,19,
21,36,188,3,18,
22,36,191,3,17,
23,36,193,4,19,
24,36,174,6,20,
25,36,96,23,32,
26,36,49,59,74,
27,36,63,78,96,
28,36,90,97,114,
29,36,122,131,142,
30,36,152,159,168,
31,36,174,179,188,
32,36,195,198,205,
33,36,195,198,205,
34,36,183,188,196,
35,36,149,156,168,
36,36,108,113,129,
37,36,74,83,100,
38,36,55,68,84,
39,36,81,35,46,
40,36,164,9,21,
41,36,199,3,18,
42,36,205,1,20,
43,36,204,2,19,
44,36,205,1,20,
45,36,203,1,19,
46,36,200,1,18,
47,36,194,2,17,
48,36,213,3,21,
49,36,240,3,25,
50,36,207,11,29,
51,36,122,48,60,
52,36,77,84,103,
53,36,89,100,116,
54,36,121,129,141,
55,36,151,157,167,
56,36,172,177,186,
57,36,189,194,201,
58,36,199,203,208,
59,36,207,210,215,
60,36,214,217,222,
61,36,214,217,222,
62,36,210,213,218,
63,36,210,213,218,
0,37,228,232,235,
1,37,228,232,235,
2,37,229,233,236,
3,37,231,235,238,
4,37,229,233,236,
5,37,228,230,234,
6,37,229,231,234,
7,37,228,232,235,
8,37,219,222,226,
9,37,207,210,215,
10,37,187,191,199,
11,37,149,157,167,
12,37,109,117,131,
13,37,79,89,105,
14,37,77,81,100,
15,37,92,53,61,
16,37,159,17,30,
17,37,190,8,24,
18,37,190,2,18,
19,37,175,4,17,
20,37,141,4,11,
21,37,136,3,12,
22,37,125,10,22,
23,37,73,28,37,
24,37,46,51,68,
25,37,63,71,89,
26,37,70,77,98,
27,37,89,98,115,
28,37,120,127,142,
29,37,146,153,164,
30,37,176,179,188,
31,37,189,192,199,
32,37,203,206,211,
33,37,205,208,212,
34,37,199,202,207,
35,37,178,181,190,
36,37,139,146,157,
37,37,102,110,125,
38,37,74,83,101,
39,37,64,73,92,
40,37,55,60,76,
41,37,90,48,53,
42,37,161,17,27,
43,37,190,5,22,
44,37,193,2,19,
45,37,196,3,21,
46,37,185,3,17,
47,37,183,4,22,
48,37,175,15,32,
49,37,103,32,41,
50,37,75,80,100,
51,37,71,80,99,
52,37,90,99,115,
53,37,117,126,139,
54,37,144,149,160,
55,37,166,171,180,
56,37,183,188,197,
57,37,195,201,206,
58,37,206,209,214,
59,37,209,213,217,
60,37,213,216,221,
61,37,211,214,219,
62,37,207,210,215,
63,37,212,216,221,
0,38,231,235,238,
1,38,230,234,237,
2,38,226,230,233,
3,38,229,233,236,
4,38,229,233,236,
5,38,231,234,237,
6,38,229,232,236,
7,38,230,234,237,
8,38,229,232,236,
9,38,219,222,227,
10,38,206,210,215,
11,38,182,187,195,
12,38,145,152,163,
13,38,114,122,135,
14,38,83,96,110,
15,38,71,80,97,
16,38,65,79,94,
17,38,70,71,90,
18,38,75,66,85,
19,38,74,62,77,
20,38,70,62,72,
21,38,62,66,77,
22,38,61,70,85,
23,38,61,72,88,
24,38,66,74,93,
25,38,77,85,103,
26,38,95,101,119,
27,38,120,127,140,
28,38,143,151,162,
29,38,170,175,184,
30,38,191,194,202,
31,38,202,205,211,
32,38,210,213,218,
33,38,216,219,224,
34,38,208,212,215,
35,38,196,199,207,
36,38,171,176,186,
37,38,140,148,159,
38,38,106,114,130,
39,38,82,90,107,
40,38,69,77,96,
41,38,62,73,91,
42,38,55,71,89,
43,38,66,66,84,
44,38,69,61,76,
45,38,75,62,78,
46,38,73,66,81,
47,38,70,69,88,
48,38,66,75,97,
49,38,64,77,93,
50,38,77,85,103,
51,38,94,102,118,
52,38,117,125,139,
53,38,140,147,159,
54,38,167,172,181,
55,38,180,185,193,
56,38,192,198,205,
57,38,198,204,208,
58,38,208,212,216,
59,38,211,214,219,
60,38,210,214,219,
61,38,211,214,219,
62,38,213,216,221,
63,38,210,213,218,
0,39,226,230,233,
1,39,228,232,235,
2,39,230,234,236,
3,39,227,231,234,
4,39,228,232,235,
5,39,228,231,234,
6,39,226,230,233,
7,39,226,230,233,
8,39,226,229,233,
9,39,222,226,230,
10,39,212,216,220,
11,39,203,207,212,
12,39,176,182,191,
13,39,151,158,168,
14,39,125,131,144,
15,39,101,111,125,
16,39,85,93,111,
17,39,73,84,101,
18,39,69,78,97,
19,39,68,76,97,
20,39,68,76,96,
21,39,69,77,96,
22,39,71,80,99,
23,39,79,86,105,
24,39,90,98,115,
25,39,107,114,130,
26,39,128,135,147,
27,39,151,159,168,
28,39,172,176,184,
29,39,191,195,202,
30,39,203,206,212,
31,39,206,209,214,
32,39,217,218,223,
33,39,217,219,225,
34,39,218,221,226,
35,39,208,211,216,
36,39,192,197,205,
37,39,173,180,188,
38,39,149,154,165,
39,39,117,124,138,
40,39,97,104,121,
41,39,80,91,108,
42,39,73,80,98,
43,39,68,78,96,
44,39,68,77,95,
45,39,67,75,94,
46,39,68,77,95,
47,39,71,80,98,
48,39,79,87,105,
49,39,91,98,115,
50,39,107,115,129,
51,39,127,135,148,
52,39,144,152,162,
53,39,166,172,182,
54,39,181,184,193,
55,39,194,199,206,
56,39,200,204,209,
57,39,206,210,215,
58,39,212,215,220,
59,39,210,213,218,
60,39,214,217,222,
61,39,212,215,220,
62,39,211,214,219,
63,39,209,212,217,
0,40,231,235,238,
1,40,225,229,232,
2,40,228,232,235,
3,40,226,230,233,
4,40,228,232,235,
5,40,227,231,234,
6,40,223,227,230,
7,40,225,229,232,
8,40,228,233,236,
9,40,226,230,233,
10,40,219,222,226,
11,40,215,219,222,
12,40,203,208,214,
13,40,186,192,199,
14,40,164,170,179,
15,40,142,149,160,
16,40,122,131,143,
17,40,108,116,131,
18,40,100,108,124,
19,40,94,102,119,
20,40,92,100,116,
21,40,95,103,118,
22,40,101,108,125,
23,40,111,119,134,
24,40,123,131,144,
25,40,140,147,158,
26,40,160,165,175,
27,40,176,181,190,
28,40,192,195,202,
29,40,199,202,208,
30,40,209,212,218,
31,40,218,221,226,
32,40,223,226,230,
33,40,224,227,230,
34,40,217,221,225,
35,40,216,219,223,
36,40,207,211,216,
37,40,197,201,207,
38,40,179,184,191,
39,40,159,166,176,
40,40,136,144,156,
41,40,118,126,140,
42,40,105,113,129,
43,40,96,104,120,
44,40,92,99,116,
45,40,92,99,116,
46,40,93,101,117,
47,40,101,109,124,
48,40,111,118,133,
49,40,123,130,144,
50,40,138,145,157,
51,40,155,162,172,
52,40,168,175,184,
53,40,185,189,197,
54,40,195,198,204,
55,40,202,205,212,
56,40,208,211,216,
57,40,208,211,216,
58,40,211,214,219,
59,40,215,218,223,
60,40,213,216,221,
61,40,211,214,219,
62,40,210,213,218,
63,40,211,214,218,
0,41,227,231,234,
1,41,231,235,238,
2,41,224,228,231,
3,41,228,232,235,
4,41,226,230,233,
5,41,228,232,235,
6,41,229,233,236,
7,41,227,231,234,
8,41,227,231,234,
9,41,228,232,235,
10,41,226,228,230,
11,41,218,219,223,
12,41,216,219,224,
13,41,207,210,215,
14,41,196,201,206,
15,41,179,186,193,
16,41,162,169,178,
17,41,151,158,169,
18,41,140,148,160,
19,41,133,141,153,
20,41,130,138,150,
21,41,133,142,153,
22,41,139,146,158,
23,41,149,156,167,
24,41,157,165,174,
25,41,169,174,183,
26,41,185,188,197,
27,41,195,198,205,
28,41,204,207,212,
29,41,211,214,219,
30,41,219,222,227,
31,41,222,225,230,
32,41,222,222,226,
33,41,226,226,230,
34,41,222,226,229,
35,41,219,223,226,
36,41,219,222,226,
37,41,213,216,221,
38,41,200,203,208,
39,41,187,191,200,
40,41,173,180,188,
41,41,155,162,172,
42,41,145,152,163,
43,41,137,144,156,
44,41,133,140,154,
45,41,130,137,150,
46,41,132,139,151,
47,41,137,144,156,
48,41,142,148,159,
49,41,158,165,174,
50,41,170,176,185,
51,41,179,184,193,
52,41,188,193,202,
53,41,200,203,210,
54,41,202,205,210,
55,41,206,209,214,
56,41,211,214,219,
57,41,210,213,218,
58,41,211,214,219,
59,41,210,213,218,
60,41,214,217,222,
61,41,209,212,217,
62,41,210,213,218,
63,41,210,213,218,
0,42,225,228,232,
1,42,225,230,233,
2,42,226,230,233,
3,42,224,228,231,
4,42,226,230,233,
5,42,227,231,234,
6,42,226,231,233,
7,42,228,232,235,
8,42,226,230,233,
9,42,228,232,235,
10,42,227,229,233,
11,42,219,220,224,
12,42,219,222,225,
13,42,215,218,222,
14,42,208,211,216,
15,42,203,206,211,
16,42,192,197,202,
17,42,185,190,197,
18,42,178,184,192,
19,42,172,177,186,
20,42,171,176,186,
21,42,170,176,186,
22,42,176,181,189,
23,42,180,185,193,
24,42,189,193,198,
25,42,193,196,201,
26,42,202,205,211,
27,42,209,212,217,
28,42,212,215,220,
29,42,217,220,225,
30,42,220,221,225,
31,42,220,221,225,
32,42,218,220,223,
33,42,223,224,228,
34,42,220,223,228,
35,42,221,224,229,
36,42,220,223,228,
37,42,216,219,224,
38,42,209,212,217,
39,42,203,206,212,
40,42,196,199,206,
41,42,188,191,199,
42,42,180,186,193,
43,42,172,178,187,
44,42,168,173,183,
45,42,165,170,180,
46,42,165,170,179,
47,42,169,174,184,
48,42,176,181,190,
49,42,179,185,191,
50,42,186,192,199,
51,42,193,198,204,
52,42,198,202,207,
53,42,203,206,212,
54,42,202,205,210,
55,42,207,210,215,
56,42,209,212,217,
57,42,208,211,215,
58,42,212,215,220,
59,42,210,213,218,
60,42,211,214,219,
61,42,209,212,217,
62,42,209,212,217,
63,42,207,210,215,
0,43,227,231,234,
1,43,229,231,235,
2,43,226,230,233,
3,43,228,232,235,
4,43,227,231,234,
5,43,225,230,233,
6,43,225,229,232,
7,43,225,229,232,
8,43,229,232,236,
9,43,224,227,234,
10,43,214,219,228,
11,43,205,212,219,
12,43,208,213,220,
13,43,210,215,220,
14,43,211,214,219,
15,43,212,215,220,
16,43,209,214,219,
17,43,202,207,214,
18,43,196,200,207,
19,43,195,199,205,
20,43,193,197,204,
21,43,196,201,208,
22,43,197,202,211,
23,43,192,198,207,
24,43,191,197,206,
25,43,193,199,208,
26,43,199,202,211,
27,43,201,204,212,
28,43,213,216,221,
29,43,214,217,222,
30,43,215,219,226,
31,43,211,215,223,
32,43,207,211,218,
33,43,207,211,218,
34,43,211,214,220,
35,43,215,217,222,
36,43,218,221,226,
37,43,217,219,224,
38,43,215,218,225,
39,43,199,202,209,
40,43,205,208,213,
41,43,201,204,211,
42,43,198,204,211,
43,43,194,201,210,
44,43,190,194,202,
45,43,186,190,197,
46,43,193,197,204,
47,43,191,195,202,
48,43,190,195,202,
49,43,194,199,208,
50,43,197,203,210,
51,43,199,205,211,
52,43,198,204,213,
53,43,196,203,212,
54,43,198,205,214,
55,43,197,204,212,
56,43,198,202,211,
57,43,207,210,216,
58,43,207,210,215,
59,43,208,211,216,
60,43,208,211,216,
61,43,209,212,217,
62,43,209,212,217,
63,43,209,212,217,
0,44,228,232,235,
1,44,224,228,231,
2,44,226,230,233,
3,44,226,230,233,
4,44,228,232,235,
5,44,225,229,232,
6,44,223,227,230,
7,44,226,230,233,
8,44,115,120,124,
9,44,89,94,97,
10,44,89,95,99,
11,44,100,105,109,
12,44,128,137,145,
13,44,141,148,161,
14,44,202,206,210,
15,44,205,208,213,
16,44,188,192,197,
17,44,125,132,138,
18,44,100,109,123,
19,44,188,191,200,
20,44,200,203,210,
21,44,204,209,218,
22,44,89,95,101,
23,44,88,94,99,
24,44,88,95,101,
25,44,87,95,102,
26,44,112,119,125,
27,44,135,140,151,
28,44,185,190,198,
29,44,207,210,218,
30,44,94,103,110,
31,44,89,99,107,
32,44,89,99,107,
33,44,107,113,116,
34,44,169,174,183,
35,44,203,206,211,
36,44,207,207,214,
37,44,205,209,217,
38,44,183,189,194,
39,44,132,139,146,
40,44,186,190,199,
41,44,200,206,209,
42,44,196,200,208,
43,44,192,199,208,
44,44,143,156,163,
45,44,191,192,201,
46,44,197,202,209,
47,44,196,200,206,
48,44,194,200,209,
49,44,212,221,225,
50,44,126,140,147,
51,44,190,197,206,
52,44,211,219,224,
53,44,119,137,142,
54,44,98,116,124,
55,44,97,116,124,
56,44,96,116,123,
57,44,133,149,156,
58,44,200,206,211,
59,44,202,208,214,
60,44,206,211,215,
61,44,208,211,216,
62,44,208,211,216,
63,44,211,214,219,
0,45,227,231,234,
1,45,226,230,233,
2,45,228,232,236,
3,45,226,230,234,
4,45,223,227,230,
5,45,225,228,231,
6,45,223,227,230,
7,45,89,94,97,
8,45,16,21,24,
9,45,28,32,39,
10,45,30,35,43,
11,45,21,26,32,
12,45,50,54,58,
13,45,33,43,55,
14,45,177,181,189,
15,45,196,199,205,
16,45,51,55,58,
17,45,6,12,15,
18,45,43,51,61,
19,45,145,152,164,
20,45,197,200,207,
21,45,195,200,209,
22,45,2,8,10,
23,45,28,34,40,
24,45,30,36,42,
25,45,30,36,44,
26,45,17,23,32,
27,45,79,87,93,
28,45,141,148,162,
29,45,16,19,24,
30,45,23,29,36,
31,45,30,36,45,
32,45,29,37,47,
33,45,16,21,26,
34,45,72,78,86,
35,45,180,186,194,
36,45,194,198,205,
37,45,177,186,195,
38,45,4,20,27,
39,45,10,27,34,
40,45,166,173,183,
41,45,191,197,203,
42,45,171,178,188,
43,45,134,144,152,
44,45,2,21,29,
45,45,165,174,182,
46,45,189,193,199,
47,45,186,193,200,
48,45,191,197,206,
49,45,65,81,87,
50,45,42,59,66,
51,45,156,164,177,
52,45,149,159,168,
53,45,13,29,37,
54,45,30,39,49,
55,45,31,39,49,
56,45,32,42,50,
57,45,71,79,85,
58,45,190,196,202,
59,45,198,204,210,
60,45,200,204,209,
61,45,208,211,217,
62,45,206,209,214,
63,45,208,211,216,
0,46,223,227,230,
1,46,226,230,233,
2,46,228,232,235,
3,46,225,229,232,
4,46,225,229,233,
5,46,221,224,229,
6,46,222,225,230,
7,46,86,89,93,
8,46,27,34,41,
9,46,51,60,74,
10,46,97,104,120,
11,46,100,109,123,
12,46,89,96,111,
13,46,92,102,118,
14,46,157,164,174,
15,46,207,211,218,
16,46,5,10,15,
17,46,23,29,36,
18,46,65,73,77,
19,46,85,95,108,
20,46,174,179,187,
21,46,168,173,183,
22,46,1,5,10,
23,46,68,77,94,
24,46,92,101,118,
25,46,95,103,120,
26,46,140,146,159,
27,46,8,16,25,
28,46,104,112,131,
29,46,8,20,27,
30,46,81,91,106,
31,46,91,98,117,
32,46,94,102,118,
33,46,94,102,118,
34,46,98,107,119,
35,46,157,163,172,
36,46,172,182,189,
37,46,202,213,218,
38,46,16,29,40,
39,46,16,29,37,
40,46,97,107,116,
41,46,170,176,185,
42,46,148,155,168,
43,46,134,144,153,
44,46,4,24,30,
45,46,48,66,74,
46,46,169,177,185,
47,46,177,186,195,
48,46,185,196,202,
49,46,3,22,29,
50,46,40,58,65,
51,46,125,135,150,
52,46,129,139,147,
53,46,36,40,49,
54,46,92,101,118,
55,46,95,104,120,
56,46,113,122,135,
57,46,152,159,169,
58,46,180,185,194,
59,46,193,199,205,
60,46,199,205,211,
61,46,203,209,213,
62,46,208,212,216,
63,46,208,211,216,
0,47,225,229,232,
1,47,226,230,233,
2,47,230,234,237,
3,47,223,227,230,
4,47,225,229,233,
5,47,223,226,231,
6,47,215,218,223,
7,47,81,84,89,
8,47,26,33,41,
9,47,58,68,79,
10,47,48,55,59,
11,47,51,58,60,
12,47,48,54,57,
13,47,16,25,36,
14,47,132,140,151,
15,47,91,94,100,
16,47,37,45,49,
17,47,75,84,99,
18,47,5,11,14,
19,47,55,65,76,
20,47,138,147,158,
21,47,150,157,168,
22,47,3,13,16,
23,47,69,78,95,
24,47,106,114,130,
25,47,107,115,131,
26,47,145,153,164,
27,47,13,29,36,
28,47,89,98,116,
29,47,9,23,31,
30,47,82,91,107,
31,47,97,106,122,
32,47,56,75,83,
33,47,58,77,84,
34,47,61,76,84,
35,47,137,144,156,
36,47,150,159,168,
37,47,43,60,67,
38,47,67,78,87,
39,47,69,80,94,
40,47,24,39,46,
41,47,145,152,162,
42,47,128,135,149,
43,47,134,144,153,
44,47,17,33,40,
45,47,9,23,31,
46,47,93,105,113,
47,47,206,215,223,
48,47,15,32,39,
49,47,84,92,101,
50,47,40,58,64,
51,47,110,119,134,
52,47,127,140,147,
53,47,19,37,44,
54,47,53,74,80,
55,47,54,73,79,
56,47,56,73,80,
57,47,162,170,179,
58,47,175,180,189,
59,47,189,194,202,
60,47,191,197,204,
61,47,203,208,213,
62,47,206,210,215,
63,47,208,211,216,
0,48,226,229,232,
1,48,225,229,232,
2,48,225,229,232,
3,48,228,232,235,
4,48,224,228,231,
5,48,216,220,224,
6,48,206,209,214,
7,48,77,80,86,
8,48,25,34,41,
9,48,54,64,76,
10,48,51,58,66,
11,48,54,60,68,
12,48,4,8,11,
13,48,17,28,38,
14,48,125,132,146,
15,48,24,34,39,
16,48,39,50,58,
17,48,123,138,146,
18,48,26,40,46,
19,48,90,101,109,
20,48,94,104,118,
21,48,136,144,155,
22,48,5,22,26,
23,48,70,79,95,
24,48,115,124,140,
25,48,119,128,143,
26,48,148,154,166,
27,48,13,30,36,
28,48,84,92,110,
29,48,8,23,31,
30,48,81,91,108,
31,48,93,101,117,
32,48,47,54,67,
33,48,59,69,79,
34,48,11,26,32,
35,48,118,125,141,
36,48,174,182,193,
37,48,5,25,30,
38,48,128,142,149,
39,48,121,134,142,
40,48,6,22,30,
41,48,131,140,151,
42,48,115,123,137,
43,48,135,144,154,
44,48,18,35,44,
45,48,50,59,72,
46,48,19,37,42,
47,48,117,131,135,
48,48,32,45,52,
49,48,122,131,141,
50,48,39,57,64,
51,48,103,113,127,
52,48,126,140,147,
53,48,19,31,40,
54,48,42,53,66,
55,48,45,56,70,
56,48,55,65,75,
57,48,150,157,166,
58,48,168,174,183,
59,48,186,192,199,
60,48,195,201,207,
61,48,199,205,210,
62,48,204,208,213,
63,48,208,213,217,
0,49,228,231,234,
1,49,224,228,231,
2,49,223,226,229,
3,49,220,224,227,
4,49,224,228,231,
5,49,218,222,226,
6,49,205,208,214,
7,49,78,85,90,
8,49,38,48,54,
9,49,78,87,99,
10,49,108,116,129,
11,49,115,124,137,
12,49,9,21,26,
13,49,23,32,44,
14,49,111,122,132,
15,49,16,32,38,
16,49,15,33,39,
17,49,14,33,38,
18,49,19,34,41,
19,49,4,21,27,
20,49,57,67,80,
21,49,120,129,141,
22,49,5,21,26,
23,49,93,101,112,
24,49,127,134,145,
25,49,130,137,147,
26,49,152,161,171,
27,49,15,30,38,
28,49,80,89,107,
29,49,9,24,32,
30,49,96,106,117,
31,49,105,114,126,
32,49,100,109,120,
33,49,157,165,173,
34,49,12,26,28,
35,49,102,109,128,
36,49,92,106,113,
37,49,15,34,41,
38,49,17,33,39,
39,49,17,31,38,
40,49,17,31,37,
41,49,25,36,45,
42,49,104,113,129,
43,49,134,143,153,
44,49,21,38,44,
45,49,76,84,104,
46,49,40,52,58,
47,49,8,25,31,
48,49,83,92,108,
49,49,119,127,138,
50,49,39,57,63,
51,49,98,107,122,
52,49,121,133,140,
53,49,40,46,54,
54,49,104,114,126,
55,49,110,120,132,
56,49,121,131,144,
57,49,145,153,163,
58,49,167,171,181,
59,49,185,190,198,
60,49,197,203,209,
61,49,201,207,213,
62,49,202,208,213,
63,49,201,207,211,
0,50,223,225,228,
1,50,221,225,228,
2,50,222,225,228,
3,50,223,226,230,
4,50,224,228,231,
5,50,219,222,226,
6,50,198,203,209,
7,50,105,111,120,
8,50,17,37,44,
9,50,29,50,56,
10,50,28,50,56,
11,50,22,40,48,
12,50,42,55,59,
13,50,56,64,80,
14,50,49,65,72,
15,50,29,38,47,
16,50,69,81,97,
17,50,75,87,103,
18,50,81,93,108,
19,50,14,30,38,
20,50,42,53,64,
21,50,106,114,128,
22,50,5,26,32,
23,50,31,48,56,
24,50,29,49,56,
25,50,28,48,55,
26,50,11,31,37,
27,50,69,77,88,
28,50,82,95,112,
29,50,44,58,66,
30,50,22,42,50,
31,50,28,49,56,
32,50,30,50,54,
33,50,20,36,43,
34,50,56,67,75,
35,50,122,131,140,
36,50,7,24,31,
37,50,81,90,104,
38,50,73,85,102,
39,50,73,84,101,
40,50,74,84,98,
41,50,8,28,35,
42,50,98,107,122,
43,50,133,141,152,
44,50,22,37,47,
45,50,83,91,113,
46,50,72,79,98,
47,50,89,97,110,
48,50,80,89,106,
49,50,118,127,135,
50,50,39,57,64,
51,50,78,87,104,
52,50,31,40,50,
53,50,14,32,38,
54,50,20,42,48,
55,50,23,43,50,
56,50,22,44,51,
57,50,75,91,98,
58,50,171,177,185,
59,50,181,187,195,
60,50,197,203,209,
61,50,201,207,213,
62,50,198,204,209,
63,50,205,211,215,
0,51,225,229,232,
1,51,223,227,230,
2,51,223,227,230,
3,51,221,225,228,
4,51,223,227,230,
5,51,216,220,223,
6,51,205,208,214,
7,51,169,174,183,
8,51,90,98,109,
9,51,62,71,83,
10,51,57,66,79,
11,51,53,60,74,
12,51,70,78,96,
13,51,91,99,116,
14,51,64,71,83,
15,51,72,80,96,
16,51,84,92,110,
17,51,90,98,116,
18,51,88,96,114,
19,51,70,78,89,
20,51,97,106,118,
21,51,97,104,122,
22,51,59,68,81,
23,51,56,65,78,
24,51,57,65,79,
25,51,57,66,79,
26,51,58,67,79,
27,51,87,95,111,
28,51,99,108,121,
29,51,94,102,119,
30,51,57,66,79,
31,51,55,64,77,
32,51,55,63,77,
33,51,54,62,76,
34,51,86,94,112,
35,51,113,122,135,
36,51,60,69,80,
37,51,85,92,110,
38,51,88,97,114,
39,51,85,95,111,
40,51,82,90,108,
41,51,60,69,81,
42,51,118,126,141,
43,51,90,98,114,
44,51,70,79,92,
45,51,98,106,123,
46,51,93,102,118,
47,51,95,104,120,
48,51,94,102,119,
49,51,73,81,97,
50,51,72,80,91,
51,51,90,98,115,
52,51,72,80,98,
53,51,61,70,84,
54,51,55,63,77,
55,51,57,65,79,
56,51,65,74,86,
57,51,103,111,120,
58,51,168,174,183,
59,51,182,188,195,
60,51,194,200,204,
61,51,198,204,208,
62,51,203,206,211,
63,51,209,212,216,
0,52,225,229,232,
1,52,224,228,231,
2,52,223,226,229,
3,52,227,231,234,
4,52,220,224,227,
5,52,221,225,228,
6,52,208,211,217,
7,52,176,181,191,
8,52,135,143,155,
9,52,106,114,129,
10,52,94,102,118,
11,52,91,99,116,
12,52,92,100,117,
13,52,101,110,125,
14,52,106,114,131,
15,52,103,111,127,
16,52,107,115,129,
17,52,115,123,137,
18,52,112,121,134,
19,52,106,114,131,
20,52,105,113,127,
21,52,109,117,133,
22,52,99,107,123,
23,52,92,100,117,
24,52,93,101,117,
25,52,94,102,118,
26,52,96,104,122,
27,52,106,114,130,
28,52,118,127,139,
29,52,107,115,132,
30,52,94,102,119,
31,52,89,97,115,
32,52,88,96,113,
33,52,91,99,115,
34,52,101,109,124,
35,52,103,111,127,
36,52,100,108,125,
37,52,107,115,130,
38,52,113,122,136,
39,52,111,120,134,
40,52,105,113,128,
41,52,103,111,129,
42,52,109,117,133,
43,52,104,112,127,
44,52,114,122,138,
45,52,119,127,140,
46,52,121,128,143,
47,52,122,129,143,
48,52,113,121,136,
49,52,104,112,129,
50,52,109,117,133,
51,52,106,114,130,
52,52,94,104,120,
53,52,85,94,111,
54,52,88,96,113,
55,52,92,100,117,
56,52,110,118,134,
57,52,141,148,160,
58,52,168,174,183,
59,52,189,194,202,
60,52,197,203,207,
61,52,200,206,210,
62,52,204,208,213,
63,52,209,212,217,
0,53,225,224,229,
1,53,224,224,229,
2,53,223,225,229,
3,53,226,230,232,
4,53,224,228,231,
5,53,217,220,223,
6,53,204,208,212,
7,53,193,196,203,
8,53,165,169,178,
9,53,137,144,155,
10,53,124,133,145,
11,53,120,129,141,
12,53,123,131,143,
13,53,129,136,149,
14,53,130,137,148,
15,53,126,133,144,
16,53,140,147,158,
17,53,147,154,165,
18,53,141,148,159,
19,53,136,143,154,
20,53,132,139,152,
21,53,131,138,151,
22,53,127,134,147,
23,53,120,127,140,
24,53,118,127,139,
25,53,118,128,140,
26,53,127,134,147,
27,53,134,141,154,
28,53,142,149,160,
29,53,134,141,154,
30,53,120,128,142,
31,53,118,126,140,
32,53,119,128,140,
33,53,120,129,141,
34,53,123,130,143,
35,53,129,136,149,
36,53,130,137,150,
37,53,134,141,154,
38,53,141,148,159,
39,53,136,143,154,
40,53,134,141,154,
41,53,132,139,152,
42,53,132,139,152,
43,53,133,140,153,
44,53,133,140,151,
45,53,144,151,162,
46,53,145,153,163,
47,53,147,154,165,
48,53,140,147,158,
49,53,134,142,153,
50,53,130,138,151,
51,53,129,136,149,
52,53,121,130,144,
53,53,114,122,137,
54,53,113,122,136,
55,53,119,127,142,
56,53,133,141,153,
57,53,149,156,167,
58,53,173,178,187,
59,53,188,193,202,
60,53,196,202,208,
61,53,202,208,214,
62,53,197,203,207,
63,53,203,209,213,
0,54,223,227,230,
1,54,222,225,228,
2,54,222,226,229,
3,54,223,227,230,
4,54,217,221,224,
5,54,222,226,229,
6,54,219,223,226,
7,54,207,210,216,
8,54,188,192,201,
9,54,167,173,182,
10,54,158,165,175,
11,54,152,158,168,
12,54,159,166,176,
13,54,154,162,171,
14,54,161,167,177,
15,54,155,161,171,
16,54,170,176,185,
17,54,177,182,191,
18,54,171,177,187,
19,54,170,175,185,
20,54,168,173,183,
21,54,162,167,178,
22,54,158,165,175,
23,54,148,156,165,
24,54,145,153,162,
25,54,149,157,167,
26,54,153,160,170,
27,54,155,162,172,
28,54,163,171,179,
29,54,162,170,179,
30,54,156,163,174,
31,54,147,155,166,
32,54,143,151,161,
33,54,149,157,167,
34,54,149,157,166,
35,54,156,164,174,
36,54,156,164,173,
37,54,161,169,178,
38,54,173,178,188,
39,54,170,175,186,
40,54,160,168,178,
41,54,151,158,168,
42,54,155,163,173,
43,54,158,166,175,
44,54,163,168,178,
45,54,164,169,179,
46,54,166,174,182,
47,54,169,176,185,
48,54,169,174,184,
49,54,163,168,178,
50,54,157,164,174,
51,54,156,164,173,
52,54,151,158,168,
53,54,144,152,163,
54,54,141,148,159,
55,54,142,149,160,
56,54,156,162,172,
57,54,170,175,184,
58,54,183,188,195,
59,54,190,196,202,
60,54,192,198,204,
61,54,199,205,211,
62,54,200,207,211,
63,54,205,211,215,
0,55,222,222,227,
1,55,219,221,226,
2,55,222,225,229,
3,55,220,224,227,
4,55,223,227,230,
5,55,219,223,226,
6,55,217,220,224,
7,55,210,213,218,
8,55,205,208,215,
9,55,200,203,211,
10,55,191,193,201,
11,55,186,190,198,
12,55,185,189,197,
13,55,185,188,196,
14,55,185,188,197,
15,55,188,192,200,
16,55,189,193,199,
17,55,194,198,204,
18,55,195,199,206,
19,55,194,198,206,
20,55,186,190,197,
21,55,183,187,194,
22,55,182,186,194,
23,55,178,182,190,
24,55,181,184,193,
25,55,181,185,193,
26,55,182,186,194,
27,55,185,189,197,
28,55,187,191,198,
29,55,188,192,200,
30,55,181,188,195,
31,55,181,187,194,
32,55,174,181,188,
33,55,176,182,190,
34,55,181,185,193,
35,55,184,187,195,
36,55,183,189,196,
37,55,188,194,201,
38,55,193,196,204,
39,55,188,192,200,
40,55,187,191,199,
41,55,182,186,194,
42,55,184,190,197,
43,55,182,188,195,
44,55,185,189,197,
45,55,187,191,198,
46,55,183,187,194,
47,55,190,194,200,
48,55,185,189,196,
49,55,184,188,196,
50,55,184,190,197,
51,55,179,185,192,
52,55,180,186,195,
53,55,176,182,191,
54,55,171,177,187,
55,55,167,173,183,
56,55,177,183,191,
57,55,182,188,194,
58,55,194,200,206,
59,55,193,199,205,
60,55,199,205,210,
61,55,204,210,214,
62,55,203,207,212,
63,55,206,210,214,
0,56,224,227,231,
1,56,220,223,228,
2,56,218,221,225,
3,56,222,226,229,
4,56,224,228,231,
5,56,218,222,225,
6,56,220,223,228,
7,56,215,218,223,
8,56,211,214,219,
9,56,209,212,216,
10,56,209,212,217,
11,56,205,208,214,
12,56,205,208,214,
13,56,202,205,211,
14,56,203,206,212,
15,56,202,205,211,
16,56,206,209,215,
17,56,208,211,216,
18,56,208,211,217,
19,56,200,203,208,
20,56,205,208,214,
21,56,199,202,208,
22,56,203,206,213,
23,56,204,207,214,
24,56,200,202,210,
25,56,198,201,208,
26,56,201,204,211,
27,56,202,205,212,
28,56,204,207,213,
29,56,203,205,211,
30,56,199,204,210,
31,56,199,204,211,
32,56,194,199,205,
33,56,198,203,209,
34,56,195,198,205,
35,56,200,203,210,
36,56,197,201,207,
37,56,202,207,212,
38,56,207,210,216,
39,56,202,205,211,
40,56,200,203,210,
41,56,198,201,208,
42,56,198,203,209,
43,56,191,196,202,
44,56,200,203,210,
45,56,198,201,208,
46,56,200,203,209,
47,56,200,203,209,
48,56,197,200,207,
49,56,194,197,204,
50,56,194,200,206,
51,56,193,199,205,
52,56,191,195,203,
53,56,191,196,204,
54,56,191,197,204,
55,56,191,196,204,
56,56,194,200,206,
57,56,192,198,204,
58,56,194,200,206,
59,56,199,205,211,
60,56,201,207,211,
61,56,202,208,212,
62,56,199,203,208,
63,56,205,208,213,
0,57,224,226,230,
1,57,217,220,225,
2,57,218,222,226,
3,57,221,225,228,
4,57,222,225,229,
5,57,219,223,226,
6,57,223,226,230,
7,57,217,220,225,
8,57,216,220,224,
9,57,220,224,227,
10,57,211,214,218,
11,57,216,219,224,
12,57,209,212,217,
13,57,214,217,222,
14,57,211,214,219,
15,57,219,222,227,
16,57,216,219,224,
17,57,210,213,219,
18,57,216,219,224,
19,57,218,221,226,
20,57,212,215,220,
21,57,210,213,218,
22,57,213,216,221,
23,57,211,214,219,
24,57,208,210,216,
25,57,211,214,219,
26,57,202,205,210,
27,57,212,215,220,
28,57,208,211,216,
29,57,212,215,220,
30,57,212,215,220,
31,57,210,213,218,
32,57,208,211,216,
33,57,207,210,215,
34,57,209,212,217,
35,57,209,212,217,
36,57,209,212,217,
37,57,208,211,216,
38,57,207,210,215,
39,57,212,215,220,
40,57,205,208,213,
41,57,210,213,218,
42,57,197,200,205,
43,57,204,207,212,
44,57,209,212,217,
45,57,204,207,212,
46,57,199,202,207,
47,57,211,214,219,
48,57,205,209,213,
49,57,208,211,216,
50,57,201,206,211,
51,57,203,208,213,
52,57,200,206,211,
53,57,201,206,212,
54,57,200,205,211,
55,57,201,207,213,
56,57,198,205,208,
57,57,199,205,209,
58,57,201,207,212,
59,57,202,208,214,
60,57,200,206,210,
61,57,203,209,213,
62,57,206,210,215,
63,57,204,207,213,
0,58,225,228,233,
1,58,221,224,229,
2,58,217,220,225,
3,58,222,224,230,
4,58,222,225,230,
5,58,226,229,234,
6,58,216,220,224,
7,58,216,220,223,
8,58,222,226,230,
9,58,219,222,227,
10,58,219,222,227,
11,58,221,224,229,
12,58,218,222,227,
13,58,219,222,227,
14,58,221,224,229,
15,58,216,219,224,
16,58,217,220,225,
17,58,222,224,229,
18,58,221,223,229,
19,58,218,221,226,
20,58,218,221,226,
21,58,214,217,222,
22,58,218,221,226,
23,58,219,222,227,
24,58,208,211,216,
25,58,217,220,225,
26,58,210,213,218,
27,58,216,219,224,
28,58,219,222,227,
29,58,212,215,220,
30,58,215,218,223,
31,58,216,219,224,
32,58,215,218,223,
33,58,216,219,224,
34,58,215,218,223,
35,58,214,217,222,
36,58,218,221,226,
37,58,212,215,220,
38,58,208,211,216,
39,58,215,218,223,
40,58,211,214,219,
41,58,212,215,220,
42,58,207,210,215,
43,58,213,216,221,
44,58,208,211,216,
45,58,208,211,216,
46,58,212,215,220,
47,58,206,209,214,
48,58,213,216,221,
49,58,209,212,217,
50,58,208,211,216,
51,58,208,211,216,
52,58,204,207,212,
53,58,206,209,214,
54,58,198,201,206,
55,58,208,211,216,
56,58,203,209,212,
57,58,206,212,216,
58,58,205,209,214,
59,58,203,206,210,
60,58,203,208,212,
61,58,200,206,210,
62,58,201,207,212,
63,58,196,202,208,
0,59,219,222,226,
1,59,221,223,228,
2,59,220,223,228,
3,59,219,222,227,
4,59,220,223,228,
5,59,220,223,228,
6,59,221,224,228,
7,59,223,227,230,
8,59,217,221,224,
9,59,220,223,228,
10,59,221,224,229,
11,59,223,226,231,
12,59,218,221,226,
13,59,219,222,227,
14,59,222,225,230,
15,59,214,217,222,
16,59,220,223,228,
17,59,219,222,227,
18,59,220,223,228,
19,59,214,217,222,
20,59,216,219,224,
21,59,220,223,228,
22,59,218,221,226,
23,59,212,215,220,
24,59,212,215,220,
25,59,218,221,226,
26,59,214,217,222,
27,59,216,219,224,
28,59,214,217,222,
29,59,217,220,224,
30,59,215,218,223,
31,59,211,214,218,
32,59,214,217,222,
33,59,216,219,224,
34,59,213,216,221,
35,59,216,219,224,
36,59,213,216,221,
37,59,210,213,218,
38,59,211,214,219,
39,59,212,215,220,
40,59,216,219,224,
41,59,209,212,217,
42,59,210,213,218,
43,59,211,214,219,
44,59,207,210,215,
45,59,211,214,219,
46,59,210,213,218,
47,59,210,213,218,
48,59,203,206,211,
49,59,210,213,218,
50,59,206,209,214,
51,59,207,210,215,
52,59,207,210,215,
53,59,208,211,216,
54,59,201,204,209,
55,59,204,207,212,
56,59,204,210,214,
57,59,202,208,212,
58,59,200,203,208,
59,59,204,207,213,
60,59,204,209,214,
61,59,203,209,213,
62,59,198,205,209,
63,59,201,207,213,
0,60,221,224,229,
1,60,220,223,228,
2,60,221,224,229,
3,60,220,223,228,
4,60,217,220,224,
5,60,219,222,227,
6,60,221,224,229,
7,60,220,223,228,
8,60,218,221,226,
9,60,219,222,227,
10,60,218,221,226,
11,60,218,221,226,
12,60,219,222,227,
13,60,215,218,223,
14,60,216,219,224,
15,60,219,222,227,
16,60,224,227,232,
17,60,216,219,224,
18,60,214,217,222,
19,60,218,221,226,
20,60,214,217,223,
21,60,217,220,225,
22,60,218,221,226,
23,60,210,213,218,
24,60,214,217,222,
25,60,217,220,225,
26,60,217,221,225,
27,60,216,219,224,
28,60,217,220,225,
29,60,213,216,221,
30,60,213,216,221,
31,60,213,216,221,
32,60,210,213,218,
33,60,216,219,224,
34,60,212,215,220,
35,60,215,218,223,
36,60,217,220,225,
37,60,213,215,220,
38,60,213,216,221,
39,60,215,218,223,
40,60,208,211,216,
41,60,214,217,222,
42,60,210,213,218,
43,60,212,215,220,
44,60,211,214,219,
45,60,210,213,218,
46,60,205,208,213,
47,60,212,215,220,
48,60,208,211,216,
49,60,204,207,212,
50,60,206,209,214,
51,60,205,208,213,
52,60,204,210,214,
53,60,204,210,214,
54,60,204,208,212,
55,60,205,208,213,
56,60,205,211,215,
57,60,198,204,208,
58,60,204,210,214,
59,60,202,208,212,
60,60,202,208,213,
61,60,202,208,212,
62,60,201,207,211,
63,60,203,209,212,
0,61,223,225,230,
1,61,220,223,228,
2,61,219,222,227,
3,61,218,221,226,
4,61,217,220,225,
5,61,219,222,227,
6,61,218,221,226,
7,61,221,224,229,
8,61,215,218,223,
9,61,220,223,228,
10,61,220,223,228,
11,61,223,226,231,
12,61,221,224,229,
13,61,218,221,226,
14,61,221,224,229,
15,61,217,220,225,
16,61,221,224,229,
17,61,214,217,222,
18,61,217,220,225,
19,61,218,221,226,
20,61,214,217,222,
21,61,213,216,221,
22,61,214,217,222,
23,61,217,220,225,
24,61,216,219,224,
25,61,219,222,227,
26,61,210,213,218,
27,61,212,215,220,
28,61,210,213,218,
29,61,211,214,219,
30,61,212,215,220,
31,61,215,218,223,
32,61,214,217,222,
33,61,217,220,225,
34,61,212,215,220,
35,61,212,215,220,
36,61,213,216,221,
37,61,210,214,219,
38,61,211,214,219,
39,61,214,217,222,
40,61,208,211,216,
41,61,198,201,206,
42,61,209,212,217,
43,61,214,217,222,
44,61,210,213,218,
45,61,206,209,214,
46,61,208,211,216,
47,61,211,214,218,
48,61,207,210,215,
49,61,207,210,215,
50,61,206,209,214,
51,61,204,207,212,
52,61,208,214,218,
53,61,208,214,218,
54,61,206,210,215,
55,61,208,211,216,
56,61,204,210,214,
57,61,203,209,213,
58,61,200,206,210,
59,61,201,207,211,
60,61,199,205,209,
61,61,203,209,213,
62,61,202,207,211,
63,61,202,208,213,
0,62,218,221,226,
1,62,219,222,227,
2,62,220,223,228,
3,62,222,225,230,
4,62,216,219,224,
5,62,215,218,223,
6,62,215,218,223,
7,62,215,218,223,
8,62,210,213,218,
9,62,217,220,225,
10,62,221,223,228,
11,62,217,220,225,
12,62,211,214,219,
13,62,218,220,226,
14,62,216,219,224,
15,62,209,212,217,
16,62,218,221,226,
17,62,221,223,229,
18,62,217,220,225,
19,62,218,221,226,
20,62,215,218,223,
21,62,210,213,218,
22,62,215,218,223,
23,62,210,213,218,
24,62,215,218,223,
25,62,221,224,229,
26,62,214,217,222,
27,62,214,217,222,
28,62,211,214,219,
29,62,213,216,221,
30,62,211,214,219,
31,62,213,216,221,
32,62,210,213,218,
33,62,212,215,220,
34,62,211,214,219,
35,62,210,213,218,
36,62,215,218,223,
37,62,209,212,217,
38,62,217,220,225,
39,62,217,220,225,
40,62,213,216,221,
41,62,210,213,218,
42,62,207,210,215,
43,62,207,210,215,
44,62,207,210,215,
45,62,203,206,211,
46,62,209,212,217,
47,62,209,212,217,
48,62,209,212,217,
49,62,208,211,216,
50,62,210,213,218,
51,62,208,211,217,
52,62,206,210,215,
53,62,207,210,215,
54,62,208,211,216,
55,62,205,208,212,
56,62,204,210,214,
57,62,203,209,213,
58,62,201,207,211,
59,62,201,207,211,
60,62,199,205,209,
61,62,203,209,213,
62,62,196,202,207,
63,62,199,205,208,
0,63,219,222,227,
1,63,214,217,222,
2,63,218,221,226,
3,63,215,218,223,
4,63,215,218,223,
5,63,218,221,226,
6,63,217,220,224,
7,63,219,222,227,
8,63,219,222,227,
9,63,218,221,226,
10,63,215,218,223,
11,63,222,225,230,
12,63,218,221,226,
13,63,215,218,223,
14,63,219,222,227,
15,63,216,219,224,
16,63,215,218,223,
17,63,219,222,227,
18,63,216,219,224,
19,63,218,221,226,
20,63,218,221,226,
21,63,213,216,221,
22,63,219,222,227,
23,63,217,220,225,
24,63,214,217,222,
25,63,216,219,224,
26,63,212,215,220,
27,63,208,211,217,
28,63,217,220,225,
29,63,215,218,223,
30,63,211,214,219,
31,63,219,222,227,
32,63,209,212,216,
33,63,215,218,223,
34,63,215,218,223,
35,63,209,212,217,
36,63,216,219,224,
37,63,206,209,214,
38,63,212,215,220,
39,63,210,213,218,
40,63,211,214,219,
41,63,203,206,211,
42,63,216,219,223,
43,63,211,214,219,
44,63,208,211,216,
45,63,209,213,217,
46,63,207,210,215,
47,63,206,209,214,
48,63,208,210,216,
49,63,206,209,214,
50,63,207,210,216,
51,63,210,213,218,
52,63,208,211,216,
53,63,209,212,217,
54,63,208,211,216,
55,63,202,205,210,
56,63,206,211,214,
57,63,202,208,212,
58,63,203,209,213,
59,63,201,207,211,
60,63,198,204,208,
61,63,204,210,214,
62,63,200,206,210,
63,63,202,208,212,
